INSERT into menu (item_id, restaurant_id, price) VALUES
(1, 1, 15.5),
(2, 1, 18.95),
(3, 2, 12.0),
(4, 2, 13.0),
(5, 2, 13.0),
(6, 2, 15.0),
(7, 2, 15.0),
(8, 3, 7.99),
(9, 3, 7.99),
(10, 3, 11.99),
(11, 3, 5.99),
(12, 3, 5.99),
(13, 3, 10.99),
(14, 4, 9.95),
(15, 5, 8.95),
(16, 5, 10.95),
(17, 6, 0),
(18, 6, 15.71),
(19, 6, 0),
(20, 6, 0),
(21, 7, 0),
(22, 8, 10.99),
(23, 8, 10.99),
(24, 8, 0),
(25, 8, 0),
(26, 9, 0),
(27, 9, 0),
(28, 9, 0),
(29, 9, 2.59),
(30, 9, 3.29),
(31, 9, 3.29),
(32, 9, 3.59),
(33, 10, 0),
(34, 11, 8.99),
(35, 11, 8.99),
(36, 11, 8.99),
(37, 11, 8.99),
(38, 11, 8.99),
(39, 11, 4.59),
(40, 11, 8.99),
(41, 11, 8.99),
(42, 11, 8.99),
(43, 12, 0),
(44, 12, 0),
(45, 13, 4.99),
(46, 14, 12.0),
(47, 14, 12.0),
(48, 15, 2.99),
(49, 16, 0),
(50, 16, 0),
(51, 16, 0),
(52, 16, 0),
(53, 16, 0),
(54, 17, 0),
(55, 18, 8.0),
(56, 18, 7.0),
(57, 18, 9.0),
(58, 19, 16.99),
(59, 19, 15.99),
(60, 19, 17.99),
(61, 19, 13.99),
(62, 20, 1.75),
(63, 21, 15.0),
(64, 22, 8.95),
(65, 23, 13.99),
(66, 23, 3.99),
(67, 24, 0),
(68, 24, 0),
(69, 24, 0),
(70, 24, 0),
(71, 24, 16.24),
(72, 25, 6.7),
(73, 25, 2.76),
(74, 26, 7.99),
(75, 26, 7.99),
(76, 27, 9.0),
(77, 28, 9.75),
(78, 28, 11.5),
(79, 28, 3.0),
(80, 29, 13.95),
(81, 29, 9.95),
(82, 30, 19.95),
(83, 30, 11.95),
(84, 30, 11.95),
(85, 30, 2.0),
(86, 30, 22.95),
(87, 30, 22.95),
(88, 30, 19.95),
(89, 30, 19.95),
(90, 30, 19.95),
(91, 30, 19.95),
(92, 30, 15.95),
(93, 30, 15.95),
(94, 30, 15.95),
(95, 30, 15.95),
(96, 30, 12.95),
(97, 30, 12.95),
(98, 30, 4.25),
(99, 30, 7.25),
(100, 30, 19.95),
(101, 30, 19.95),
(102, 30, 15.95),
(103, 30, 15.95),
(104, 30, 19.95),
(105, 30, 19.95),
(106, 30, 14.95),
(107, 30, 14.95),
(108, 30, 11.95),
(109, 30, 11.95),
(110, 31, 5.0),
(111, 32, 9.5),
(112, 32, 0),
(113, 33, 5.99),
(114, 33, 0),
(115, 33, 0),
(116, 33, 2.99),
(117, 33, 2.99),
(118, 33, 8.99),
(119, 33, 2.99),
(120, 33, 0),
(121, 34, 5.99),
(122, 34, 3.99),
(123, 35, 7.0),
(124, 35, 4.75),
(125, 35, 4.75),
(126, 36, 7.99),
(127, 36, 10.99),
(128, 37, 4.25),
(129, 38, 0),
(130, 39, 4.39),
(131, 40, 0),
(132, 40, 0),
(133, 40, 0),
(134, 41, 0),
(135, 41, 0),
(136, 42, 10.75),
(137, 43, 5.99),
(138, 44, 8.79),
(139, 44, 8.79),
(140, 44, 8.99),
(141, 44, 8.79),
(142, 44, 8.79),
(143, 44, 8.79),
(144, 44, 8.59),
(145, 45, 17.0),
(146, 45, 17.0),
(147, 45, 5.0),
(148, 45, 15.0),
(149, 46, 2.95),
(150, 47, 2.5),
(151, 48, 6.99),
(152, 48, 5.99),
(153, 49, 0),
(154, 50, 3.75),
(155, 51, 4.95),
(156, 52, 13.95),
(157, 52, 0),
(158, 52, 13.95),
(159, 52, 14.95),
(160, 52, 13.95),
(161, 52, 13.95),
(162, 52, 14.95),
(163, 52, 13.95),
(164, 52, 14.95),
(165, 52, 14.95),
(166, 52, 5.95),
(167, 52, 4.95),
(168, 52, 5.95),
(169, 52, 5.95),
(170, 52, 14.95),
(171, 52, 14.95),
(172, 52, 4.95),
(173, 52, 0),
(174, 52, 13.95),
(175, 52, 12.95),
(176, 53, 0),
(177, 54, 0),
(178, 55, 15.99),
(179, 56, 0),
(180, 56, 0),
(181, 57, 12.0),
(182, 58, 18.5),
(183, 58, 17.45),
(184, 58, 13.95),
(185, 59, 5.25),
(186, 60, 20.5),
(187, 61, 14.95),
(188, 61, 12.75),
(189, 61, 14.95),
(190, 61, 14.95),
(191, 61, 14.25),
(192, 61, 14.95),
(193, 61, 19.99),
(194, 61, 16.99),
(195, 61, 37.99),
(196, 61, 14.95),
(197, 61, 14.95),
(198, 61, 12.0),
(199, 62, 8.95),
(200, 62, 3.5),
(201, 62, 7.25),
(202, 63, 2.99),
(203, 64, 12.99),
(204, 64, 3.49),
(205, 64, 5.5),
(206, 64, 3.99),
(207, 64, 5.5),
(208, 64, 5.5),
(209, 64, 12.99),
(210, 64, 7.99),
(211, 65, 3.75),
(212, 65, 3.75),
(213, 66, 11.99),
(214, 66, 5.99),
(215, 67, 0),
(216, 68, 1.42),
(217, 68, 18.76),
(218, 68, 19.22),
(219, 68, 7.99),
(220, 68, 5.99),
(221, 68, 18.35),
(222, 69, 5.49),
(223, 70, 1.2),
(224, 71, 8.75),
(225, 71, 7.75),
(226, 71, 12.5),
(227, 72, 116.99),
(228, 72, 14.29),
(229, 73, 4.89),
(230, 74, 4.99),
(231, 74, 0),
(232, 75, 7.99),
(233, 75, 6.99),
(234, 75, 7.99),
(235, 75, 4.49),
(236, 75, 4.99),
(237, 75, 7.99),
(238, 76, 16.0),
(239, 76, 16.0),
(240, 76, 15.0),
(241, 76, 15.0),
(242, 76, 16.0),
(243, 76, 15.0),
(244, 76, 15.0),
(245, 77, 7.29),
(246, 78, 15.0),
(247, 79, 4.75),
(248, 79, 6.99),
(249, 79, 9.75),
(250, 80, 10.95),
(251, 81, 1.25),
(252, 82, 4.5),
(253, 83, 9.0),
(254, 83, 12.5),
(255, 83, 12.5),
(256, 84, 9.49),
(257, 84, 12.5),
(258, 84, 10.49),
(259, 84, 10.49),
(260, 84, 10.49),
(261, 84, 10.49),
(262, 84, 10.49),
(263, 84, 9.99),
(264, 84, 5.79),
(265, 85, 12.99),
(266, 85, 16.99),
(267, 85, 1.79),
(268, 85, 5.99),
(269, 85, 12.99),
(270, 85, 12.99),
(271, 85, 8.99),
(272, 86, 8.5),
(273, 86, 10.0),
(274, 86, 8.5),
(275, 87, 7.0),
(276, 88, 12.0),
(277, 89, 14.49),
(278, 89, 7.99),
(279, 89, 13.99),
(280, 89, 11.99),
(281, 89, 13.39),
(282, 90, 10.0),
(283, 91, 14.25),
(284, 91, 15.5),
(285, 91, 11.0),
(286, 91, 13.0),
(287, 91, 5.0),
(288, 91, 4.5),
(289, 91, 11.0),
(290, 91, 14.0),
(291, 91, 14.0),
(292, 91, 13.5),
(293, 91, 11.5),
(294, 92, 14.0),
(295, 93, 12.99),
(296, 93, 4.99),
(297, 93, 0),
(298, 93, 0),
(299, 94, 9.99),
(300, 94, 14.99),
(301, 94, 3.99),
(302, 94, 5.99),
(303, 95, 4.95),
(304, 95, 4.99),
(305, 96, 0),
(306, 96, 12.49),
(307, 96, 11.49),
(308, 96, 10.99),
(309, 96, 11.99),
(310, 96, 11.49),
(311, 96, 12.49),
(312, 96, 9.99),
(313, 96, 12.99),
(314, 97, 7.25),
(315, 97, 0),
(316, 98, 14.0),
(317, 99, 8.95),
(318, 100, 9.99),
(319, 100, 9.99),
(320, 101, 6.95),
(321, 101, 6.95),
(322, 101, 3.95),
(323, 101, 1.5),
(324, 101, 6.95),
(325, 101, 3.95),
(326, 101, 3.95),
(327, 101, 1.25),
(328, 101, 1.75),
(329, 101, 6.95),
(330, 102, 1.85),
(331, 103, 2.5),
(332, 103, 1.75),
(333, 104, 1.99),
(334, 105, 0),
(335, 106, 0),
(336, 107, 14.0),
(337, 107, 14.0),
(338, 107, 14.0),
(339, 107, 14.0),
(340, 107, 14.0),
(341, 107, 14.0),
(342, 107, 14.0),
(343, 107, 14.0),
(344, 107, 14.0),
(345, 107, 8.0),
(346, 107, 14.0),
(347, 108, 18.6),
(348, 108, 17.95),
(349, 109, 9.99),
(350, 109, 9.99),
(351, 109, 9.99),
(352, 109, 0),
(353, 109, 9.99),
(354, 109, 9.99),
(355, 109, 9.99),
(356, 109, 9.99),
(357, 109, 9.99),
(358, 109, 9.99),
(359, 109, 9.99),
(360, 109, 8.99),
(361, 109, 9.99),
(362, 110, 0),
(363, 110, 12.25),
(364, 111, 12.95),
(365, 112, 5.99),
(366, 113, 17.0),
(367, 114, 4.0),
(368, 114, 11.0),
(369, 115, 0),
(370, 115, 0),
(371, 115, 0),
(372, 116, 6.99),
(373, 117, 0),
(374, 118, 0),
(375, 118, 0),
(376, 119, 13.0),
(377, 119, 13.0),
(378, 120, 0),
(379, 120, 3.75),
(380, 121, 0),
(381, 122, 0),
(382, 122, 0),
(383, 122, 0),
(384, 122, 5.1),
(385, 122, 0),
(386, 122, 0),
(387, 122, 5.95),
(388, 122, 5.95),
(389, 122, 5.25),
(390, 123, 18.5),
(391, 123, 20.0),
(392, 123, 17.0),
(393, 123, 19.0),
(394, 123, 16.0),
(395, 123, 16.0),
(396, 123, 16.0),
(397, 123, 18.0),
(398, 123, 19.0),
(399, 123, 20.0),
(400, 124, 5.55),
(401, 125, 0),
(402, 126, 10.0),
(403, 127, 7.0),
(404, 127, 3.0),
(405, 127, 7.0),
(406, 127, 7.0),
(407, 127, 12.0),
(408, 127, 15.0),
(409, 127, 8.0),
(410, 127, 5.0),
(411, 127, 8.0),
(412, 127, 0.59),
(413, 127, 3.0),
(414, 127, 4.0),
(415, 127, 8.0),
(416, 127, 7.0),
(417, 128, 4.99),
(418, 129, 6.95),
(419, 130, 12.95),
(420, 130, 0),
(421, 130, 10.95),
(422, 130, 0),
(423, 130, 0),
(424, 130, 12.95),
(425, 130, 11.95),
(426, 130, 12.95),
(427, 130, 12.95),
(428, 130, 0),
(429, 130, 12.95),
(430, 131, 8.99),
(431, 132, 11.0),
(432, 133, 18.99),
(433, 133, 11.5),
(434, 133, 14.99),
(435, 133, 18.99),
(436, 133, 5.49),
(437, 133, 2.5),
(438, 133, 18.99),
(439, 133, 3.5),
(440, 133, 17.99),
(441, 133, 18.99),
(442, 134, 17.5),
(443, 134, 10.75),
(444, 134, 0),
(445, 134, 2.75),
(446, 134, 0),
(447, 134, 17.5),
(448, 134, 17.5),
(449, 134, 17.5),
(450, 135, 7.99),
(451, 135, 7.99),
(452, 135, 7.99),
(453, 135, 7.99),
(454, 135, 7.99),
(455, 135, 7.99),
(456, 135, 7.99),
(457, 135, 4.95),
(458, 135, 0),
(459, 135, 7.99),
(460, 135, 10.0),
(461, 135, 9.99),
(462, 135, 7.99),
(463, 136, 5.0),
(464, 137, 9.5),
(465, 137, 8.5),
(466, 137, 8.5),
(467, 137, 9.5),
(468, 137, 10.5),
(469, 137, 8.5),
(470, 137, 10.5),
(471, 137, 10.5),
(472, 137, 10.5),
(473, 138, 6.5),
(474, 138, 7.5),
(475, 138, 4.39),
(476, 139, 5.79),
(477, 140, 14.0),
(478, 141, 8.8),
(479, 142, 0),
(480, 143, 8.0),
(481, 144, 5.0),
(482, 145, 0),
(483, 145, 15.75),
(484, 145, 116.99),
(485, 145, 14.29),
(486, 145, 12.49),
(487, 146, 0),
(488, 146, 5.25),
(489, 146, 0),
(490, 146, 5.5),
(491, 147, 0),
(492, 148, 5.5),
(493, 148, 0),
(494, 148, 0),
(495, 148, 5.99),
(496, 148, 0),
(497, 148, 7.49),
(498, 149, 10.0),
(499, 150, 7.29),
(500, 151, 10.95),
(501, 151, 16.95),
(502, 152, 7.3),
(503, 152, 17.05),
(504, 152, 18.05),
(505, 152, 19.05),
(506, 152, 10.99),
(507, 152, 14.75),
(508, 152, 10.99),
(509, 152, 20.0),
(510, 152, 20.0),
(511, 152, 18.15),
(512, 152, 20.0),
(513, 152, 23.05),
(514, 152, 10.99),
(515, 152, 20.0),
(516, 153, 0),
(517, 153, 0),
(518, 153, 0),
(519, 153, 0),
(520, 153, 0),
(521, 153, 4.99),
(522, 154, 5.95),
(523, 155, 14.99),
(524, 155, 9.99),
(525, 155, 11.99),
(526, 155, 7.99),
(527, 155, 14.99),
(528, 155, 13.99),
(529, 156, 11.0),
(530, 157, 9.99),
(531, 158, 12.0),
(532, 159, 4.99),
(533, 159, 7.99),
(534, 159, 14.99),
(535, 159, 116.99),
(536, 159, 16.29),
(537, 159, 12.49),
(538, 160, 20.99),
(539, 160, 12.0),
(540, 160, 21.0),
(541, 161, 6.49),
(542, 162, 1.25),
(543, 162, 7.5),
(544, 163, 1.99),
(545, 163, 11.59),
(546, 163, 2.99),
(547, 163, 1.99),
(548, 163, 11.99),
(549, 163, 11.99),
(550, 164, 2.8),
(551, 164, 6.99),
(552, 165, 4.0),
(553, 165, 5.5),
(554, 165, 3.0),
(555, 166, 5.0),
(556, 167, 5.0),
(557, 168, 10.0),
(558, 168, 10.0),
(559, 168, 0),
(560, 168, 10.0),
(561, 168, 10.0),
(562, 169, 19.5),
(563, 170, 8.0),
(564, 171, 12.0),
(565, 171, 13.0),
(566, 171, 13.0),
(567, 171, 13.0),
(568, 171, 13.0),
(569, 171, 13.0),
(570, 171, 12.0),
(571, 171, 13.0),
(572, 171, 13.0),
(573, 172, 3.75),
(574, 173, 8.0),
(575, 174, 0),
(576, 174, 0),
(577, 175, 5.95),
(578, 176, 18.0),
(579, 177, 12.0),
(580, 177, 13.0),
(581, 177, 12.0),
(582, 178, 0),
(583, 179, 13.0),
(584, 179, 14.0),
(585, 179, 5.0),
(586, 179, 13.0),
(587, 179, 13.0),
(588, 179, 14.0),
(589, 180, 4.99),
(590, 181, 12.95),
(591, 182, 6.24),
(592, 183, 12.95),
(593, 183, 12.95),
(594, 183, 12.95),
(595, 184, 9.95),
(596, 184, 9.95),
(597, 185, 11.95),
(598, 185, 23.95),
(599, 185, 24.95),
(600, 186, 10.55),
(601, 186, 10.25),
(602, 187, 8.95),
(603, 187, 11.95),
(604, 187, 8.95),
(605, 187, 7.0),
(606, 188, 0),
(607, 188, 0),
(608, 189, 6.49),
(609, 190, 5.99),
(610, 190, 6.99),
(611, 190, 5.99),
(612, 191, 15.25),
(613, 191, 15.25),
(614, 191, 15.25),
(615, 191, 15.25),
(616, 191, 10.75),
(617, 191, 15.25),
(618, 191, 15.25),
(619, 191, 15.25),
(620, 191, 15.25),
(621, 191, 14.25),
(622, 191, 15.25),
(623, 191, 15.25),
(624, 191, 15.25),
(625, 191, 15.25),
(626, 191, 15.25),
(627, 191, 15.25),
(628, 191, 15.25),
(629, 191, 15.25),
(630, 191, 15.25),
(631, 191, 15.25),
(632, 191, 15.25),
(633, 191, 15.25),
(634, 191, 15.25),
(635, 191, 15.25),
(636, 191, 15.25),
(637, 191, 15.25),
(638, 191, 15.25),
(639, 191, 15.25),
(640, 191, 15.25),
(641, 191, 15.25),
(642, 191, 15.25),
(643, 192, 14.0),
(644, 193, 7.99),
(645, 193, 7.99),
(646, 193, 7.99),
(647, 193, 9.99),
(648, 194, 15.0),
(649, 194, 15.0),
(650, 194, 10.0),
(651, 194, 15.0),
(652, 194, 14.0),
(653, 194, 15.0),
(654, 194, 15.0),
(655, 194, 15.0),
(656, 194, 14.0),
(657, 194, 14.0),
(658, 194, 14.0),
(659, 194, 7.95),
(660, 194, 7.5),
(661, 194, 17.0),
(662, 194, 14.95),
(663, 194, 15.0),
(664, 194, 13.0),
(665, 194, 13.0),
(666, 195, 11.89),
(667, 196, 9.95),
(668, 197, 1.2),
(669, 198, 20.99),
(670, 198, 12.0),
(671, 198, 21.0),
(672, 199, 5.0),
(673, 200, 23.25),
(674, 200, 17.0),
(675, 200, 3.35),
(676, 200, 8.0),
(677, 200, 20.0),
(678, 200, 25.25),
(679, 200, 23.25),
(680, 200, 16.25),
(681, 201, 14.0),
(682, 202, 2.75),
(683, 202, 9.25),
(684, 202, 9.25),
(685, 202, 9.25),
(686, 202, 9.25),
(687, 202, 9.25),
(688, 202, 9.25),
(689, 202, 9.25),
(690, 202, 9.25),
(691, 202, 9.25),
(692, 202, 9.25),
(693, 202, 9.25),
(694, 202, 9.25),
(695, 202, 9.25),
(696, 202, 3.25),
(697, 202, 4.25),
(698, 202, 6.5),
(699, 202, 4.5),
(700, 202, 6.5),
(701, 202, 7.99),
(702, 202, 6.25),
(703, 202, 6.25),
(704, 202, 10.5),
(705, 202, 9.25),
(706, 202, 9.25),
(707, 202, 9.25),
(708, 203, 17.5),
(709, 203, 18.5),
(710, 203, 12.0),
(711, 203, 21.5),
(712, 203, 18.5),
(713, 203, 21.5),
(714, 203, 17.5),
(715, 203, 21.5),
(716, 203, 14.5),
(717, 204, 20.0),
(718, 204, 16.0),
(719, 204, 22.0),
(720, 204, 26.0),
(721, 204, 4.0),
(722, 205, 10.0),
(723, 206, 12.99),
(724, 206, 0.75),
(725, 207, 2.95),
(726, 207, 3.5),
(727, 207, 3.75),
(728, 208, 16.53),
(729, 208, 0),
(730, 208, 16.53),
(731, 208, 16.53),
(732, 208, 16.53),
(733, 208, 16.53),
(734, 208, 16.53),
(735, 208, 16.53),
(736, 208, 16.53),
(737, 208, 16.53),
(738, 208, 16.53),
(739, 208, 16.53),
(740, 208, 16.53),
(741, 208, 16.53),
(742, 209, 7.75),
(743, 210, 10.95),
(744, 210, 2.75),
(745, 210, 3.0),
(746, 210, 5.5),
(747, 211, 6.5),
(748, 211, 6.5),
(749, 212, 16.95),
(750, 212, 0),
(751, 212, 16.95),
(752, 212, 13.95),
(753, 212, 14.95),
(754, 212, 13.95),
(755, 212, 11.5),
(756, 212, 2.25),
(757, 212, 7.25),
(758, 212, 1.85),
(759, 212, 0),
(760, 212, 18.95),
(761, 212, 15.95),
(762, 212, 10.5),
(763, 212, 2.0),
(764, 212, 17.5),
(765, 212, 17.5),
(766, 212, 16.95),
(767, 212, 14.95),
(768, 212, 15.95),
(769, 213, 10.59),
(770, 214, 7.0),
(771, 215, 5.99),
(772, 216, 16.5),
(773, 216, 0),
(774, 216, 18.5),
(775, 216, 0),
(776, 216, 14.5),
(777, 216, 0),
(778, 216, 17.5),
(779, 216, 0),
(780, 217, 4.95),
(781, 217, 0),
(782, 218, 14.99),
(783, 219, 5.75),
(784, 220, 2.5),
(785, 221, 14.99),
(786, 221, 14.99),
(787, 221, 15.99),
(788, 221, 14.29),
(789, 221, 13.5),
(790, 221, 13.99),
(791, 221, 17.99),
(792, 221, 14.99),
(793, 221, 10.59),
(794, 222, 10.0),
(795, 223, 10.99),
(796, 223, 12.99),
(797, 223, 9.99),
(798, 224, 3.75),
(799, 225, 1.0),
(800, 226, 4.95),
(801, 226, 4.95),
(802, 226, 4.95),
(803, 226, 4.95),
(804, 226, 4.95),
(805, 226, 4.95),
(806, 227, 0),
(807, 227, 0),
(808, 228, 6.5),
(809, 228, 0),
(810, 229, 12.0),
(811, 230, 1.5),
(812, 230, 12.5),
(813, 230, 9.95),
(814, 230, 6.95),
(815, 230, 12.5),
(816, 230, 4.75),
(817, 230, 10.95),
(818, 231, 7.5),
(819, 231, 2.0),
(820, 231, 14.99),
(821, 231, 13.5),
(822, 232, 8.0),
(823, 232, 0),
(824, 233, 0),
(825, 233, 3.75),
(826, 234, 13.5),
(827, 235, 10.0),
(828, 236, 4.25),
(829, 237, 0),
(830, 238, 5.0),
(831, 239, 11.59),
(832, 239, 2.99),
(833, 239, 1.99),
(834, 239, 15.99),
(835, 240, 22.0),
(836, 240, 0),
(837, 240, 9.0),
(838, 241, 19.0),
(839, 241, 12.0),
(840, 241, 9.0),
(841, 241, 12.0),
(842, 241, 11.0),
(843, 242, 12.0),
(844, 242, 10.0),
(845, 243, 10.99),
(846, 243, 10.99),
(847, 244, 9.0),
(848, 244, 8.0),
(849, 244, 0),
(850, 244, 0),
(851, 244, 0),
(852, 244, 0),
(853, 244, 0),
(854, 245, 7.95),
(855, 245, 16.95),
(856, 246, 0),
(857, 246, 0),
(858, 247, 0),
(859, 248, 6.99),
(860, 249, 0),
(861, 249, 4.5),
(862, 250, 15.0),
(863, 250, 14.5),
(864, 250, 15.0),
(865, 250, 9.49),
(866, 250, 8.5),
(867, 250, 15.5),
(868, 250, 5.0),
(869, 250, 5.5),
(870, 250, 11.25),
(871, 250, 17.5),
(872, 250, 12.5),
(873, 250, 8.5),
(874, 250, 13.0),
(875, 250, 15.5),
(876, 250, 10.5),
(877, 250, 20.99),
(878, 250, 12.0),
(879, 250, 21.0),
(880, 251, 8.0),
(881, 251, 9.0),
(882, 251, 8.5),
(883, 252, 6.0),
(884, 252, 10.99),
(885, 252, 0.69),
(886, 252, 9.99),
(887, 252, 7.99),
(888, 252, 7.99),
(889, 252, 6.99),
(890, 252, 6.99),
(891, 252, 5.99),
(892, 253, 15.95),
(893, 253, 0),
(894, 253, 15.95),
(895, 253, 14.95),
(896, 253, 14.95),
(897, 253, 16.95),
(898, 253, 16.95),
(899, 254, 9.0),
(900, 254, 9.0),
(901, 255, 118.99),
(902, 255, 15.49),
(903, 256, 12.0),
(904, 257, 9.0),
(905, 257, 9.0),
(906, 258, 12.5),
(907, 258, 9.95),
(908, 258, 11.95),
(909, 258, 11.95),
(910, 258, 10.95),
(911, 258, 11.95),
(912, 258, 12.95),
(913, 259, 21.99),
(914, 260, 0),
(915, 260, 10.99),
(916, 261, 0),
(917, 262, 0),
(918, 262, 4.39),
(919, 262, 2.79),
(920, 263, 3.5),
(921, 264, 4.99),
(922, 265, 17.99),
(923, 265, 4.49),
(924, 265, 4.99),
(925, 265, 4.49),
(926, 265, 12.49),
(927, 266, 4.49),
(928, 266, 5.49),
(929, 267, 6.95),
(930, 267, 0),
(931, 268, 2.0),
(932, 268, 13.95),
(933, 268, 10.5),
(934, 269, 9.95),
(935, 269, 9.95),
(936, 269, 0),
(937, 269, 0),
(938, 269, 0),
(939, 270, 3.95),
(940, 270, 4.95),
(941, 271, 0),
(942, 272, 9.0),
(943, 273, 8.6),
(944, 273, 7.5),
(945, 273, 7.95),
(946, 273, 6.25),
(947, 273, 6.99),
(948, 274, 8.95),
(949, 274, 5.5),
(950, 275, 12.99),
(951, 275, 11.49),
(952, 275, 12.29),
(953, 275, 10.99),
(954, 275, 12.99),
(955, 276, 10.0),
(956, 277, 8.75),
(957, 278, 13.95),
(958, 278, 0),
(959, 278, 12.95),
(960, 278, 0),
(961, 278, 13.95),
(962, 278, 0),
(963, 278, 10.95),
(964, 278, 0),
(965, 279, 7.0),
(966, 280, 15.0),
(967, 280, 16.0),
(968, 281, 6.49),
(969, 281, 6.49),
(970, 281, 6.49),
(971, 281, 6.49),
(972, 281, 6.49),
(973, 281, 6.49),
(974, 281, 6.49),
(975, 281, 6.49),
(976, 281, 6.49),
(977, 281, 6.49),
(978, 281, 5.99),
(979, 281, 6.49),
(980, 282, 4.25),
(981, 283, 16.0),
(982, 283, 12.0),
(983, 284, 5.49),
(984, 285, 5.99),
(985, 286, 0),
(986, 286, 0),
(987, 287, 5.99),
(988, 287, 3.99),
(989, 287, 1.55),
(990, 288, 7.95),
(991, 288, 3.0),
(992, 288, 1.0),
(993, 289, 2.75),
(994, 289, 100.0),
(995, 290, 13.95),
(996, 290, 6.95),
(997, 291, 6.25),
(998, 291, 8.25),
(999, 291, 6.25),
(1000, 292, 4.5),
(1001, 293, 5.95),
(1002, 294, 9.0),
(1003, 294, 8.0),
(1004, 294, 10.0),
(1005, 295, 12.0),
(1006, 295, 13.0),
(1007, 295, 13.0),
(1008, 295, 10.0),
(1009, 295, 13.0),
(1010, 296, 5.99),
(1011, 297, 21.75),
(1012, 297, 17.75),
(1013, 297, 25.75),
(1014, 297, 28.75),
(1015, 297, 21.75),
(1016, 297, 21.75),
(1017, 297, 21.75),
(1018, 297, 26.75),
(1019, 297, 20.75),
(1020, 297, 20.75),
(1021, 297, 21.75),
(1022, 297, 20.75),
(1023, 297, 21.75),
(1024, 297, 2.75),
(1025, 297, 20.75),
(1026, 297, 21.75),
(1027, 297, 26.75),
(1028, 297, 21.75),
(1029, 297, 23.75),
(1030, 298, 9.49),
(1031, 299, 18.0),
(1032, 299, 0),
(1033, 300, 10.0),
(1034, 300, 7.0),
(1035, 300, 7.0),
(1036, 300, 5.5),
(1037, 300, 8.0),
(1038, 301, 3.99),
(1039, 302, 18.95),
(1040, 302, 9.95),
(1041, 302, 13.95),
(1042, 302, 13.95),
(1043, 302, 11.95),
(1044, 303, 11.99),
(1045, 303, 8.99),
(1046, 304, 11.99),
(1047, 304, 0),
(1048, 304, 0),
(1049, 304, 0),
(1050, 304, 3.99),
(1051, 304, 0),
(1052, 304, 0),
(1053, 304, 6.99),
(1054, 304, 6.99),
(1055, 304, 0),
(1056, 304, 0),
(1057, 305, 0),
(1058, 305, 12.95),
(1059, 305, 0),
(1060, 305, 11.95),
(1061, 305, 0),
(1062, 305, 12.95),
(1063, 305, 0),
(1064, 305, 12.95),
(1065, 306, 15.0),
(1066, 306, 15.0),
(1067, 307, 14.99),
(1068, 307, 2.95),
(1069, 307, 7.25),
(1070, 307, 0.35),
(1071, 307, 19.99),
(1072, 308, 15.99),
(1073, 308, 11.99),
(1074, 308, 11.99),
(1075, 308, 19.99),
(1076, 308, 4.45),
(1077, 308, 19.99),
(1078, 308, 19.99),
(1079, 308, 6.59),
(1080, 308, 17.99),
(1081, 309, 9.49),
(1082, 310, 13.49),
(1083, 310, 3.99),
(1084, 310, 3.99),
(1085, 310, 3.19),
(1086, 310, 7.99),
(1087, 311, 16.0),
(1088, 311, 18.0),
(1089, 311, 14.0),
(1090, 311, 14.0),
(1091, 312, 9.0),
(1092, 312, 9.0),
(1093, 312, 9.0),
(1094, 312, 9.0),
(1095, 312, 9.0),
(1096, 312, 9.0),
(1097, 313, 10.5),
(1098, 314, 5.95),
(1099, 314, 5.95),
(1100, 314, 7.5),
(1101, 314, 0),
(1102, 314, 1.0),
(1103, 315, 9.99),
(1104, 316, 9.99),
(1105, 316, 4.0),
(1106, 316, 11.0),
(1107, 316, 0),
(1108, 317, 4.99),
(1109, 317, 6.25),
(1110, 317, 6.25),
(1111, 318, 5.75),
(1112, 319, 10.0),
(1113, 319, 10.0),
(1114, 320, 12.95),
(1115, 320, 10.95),
(1116, 320, 12.95),
(1117, 320, 11.95),
(1118, 320, 12.95),
(1119, 320, 12.95),
(1120, 320, 12.95),
(1121, 321, 13.0),
(1122, 321, 13.0),
(1123, 322, 0),
(1124, 323, 8.9),
(1125, 324, 12.25),
(1126, 324, 4.99),
(1127, 324, 13.25),
(1128, 324, 12.25),
(1129, 325, 0),
(1130, 325, 0),
(1131, 325, 0),
(1132, 325, 0),
(1133, 325, 0),
(1134, 325, 0),
(1135, 325, 5.95),
(1136, 326, 4.25),
(1137, 327, 15.95),
(1138, 327, 116.99),
(1139, 327, 14.59),
(1140, 327, 16.29),
(1141, 327, 12.49),
(1142, 328, 4.95),
(1143, 329, 11.0),
(1144, 329, 0),
(1145, 330, 0),
(1146, 330, 0),
(1147, 330, 0),
(1148, 330, 0),
(1149, 330, 0),
(1150, 330, 0),
(1151, 330, 5.49),
(1152, 330, 0),
(1153, 331, 7.25),
(1154, 332, 10.0),
(1155, 333, 13.0),
(1156, 334, 8.95),
(1157, 335, 10.0),
(1158, 335, 14.0),
(1159, 335, 11.5),
(1160, 335, 14.0),
(1161, 335, 14.0),
(1162, 335, 13.0),
(1163, 335, 15.0),
(1164, 335, 10.0),
(1165, 336, 7.5),
(1166, 336, 14.75),
(1167, 337, 12.5),
(1168, 337, 12.5),
(1169, 337, 7.99),
(1170, 337, 7.29),
(1171, 338, 16.0),
(1172, 339, 12.0),
(1173, 339, 14.0),
(1174, 339, 12.0),
(1175, 339, 14.0),
(1176, 340, 10.99),
(1177, 340, 0),
(1178, 340, 0),
(1179, 340, 0),
(1180, 340, 0),
(1181, 340, 6.45),
(1182, 340, 0),
(1183, 340, 0),
(1184, 340, 3.99),
(1185, 340, 0),
(1186, 340, 6.45),
(1187, 340, 0),
(1188, 340, 6.45),
(1189, 340, 0),
(1190, 340, 0),
(1191, 340, 0),
(1192, 341, 16.0),
(1193, 341, 0),
(1194, 342, 3.8),
(1195, 342, 2.25),
(1196, 343, 7.99),
(1197, 343, 5.25),
(1198, 343, 8.99),
(1199, 344, 17.0),
(1200, 344, 5.5),
(1201, 345, 10.0),
(1202, 345, 13.0),
(1203, 346, 13.95),
(1204, 346, 16.95),
(1205, 346, 15.95),
(1206, 346, 18.95),
(1207, 347, 11.0),
(1208, 347, 12.0),
(1209, 347, 11.0),
(1210, 347, 12.0),
(1211, 348, 6.99),
(1212, 349, 14.99),
(1213, 349, 0),
(1214, 349, 14.99),
(1215, 349, 13.99),
(1216, 349, 14.99),
(1217, 350, 27.55),
(1218, 350, 27.55),
(1219, 350, 27.55),
(1220, 350, 7.65),
(1221, 350, 27.55),
(1222, 350, 27.55),
(1223, 351, 9.5),
(1224, 352, 0),
(1225, 352, 0),
(1226, 353, 15.99),
(1227, 353, 0),
(1228, 353, 12.99),
(1229, 353, 0),
(1230, 353, 12.99),
(1231, 353, 0),
(1232, 353, 5.99),
(1233, 353, 0),
(1234, 353, 0.59),
(1235, 353, 0),
(1236, 354, 8.5),
(1237, 355, 22.0),
(1238, 355, 22.0),
(1239, 355, 11.55),
(1240, 355, 12.45),
(1241, 355, 13.75),
(1242, 356, 3.75),
(1243, 356, 4.25),
(1244, 356, 3.75),
(1245, 356, 3.25),
(1246, 356, 5.75),
(1247, 356, 6.75),
(1248, 356, 9.0),
(1249, 357, 9.25),
(1250, 357, 9.25),
(1251, 357, 10.95),
(1252, 357, 12.95),
(1253, 357, 12.95),
(1254, 357, 14.95),
(1255, 358, 15.0),
(1256, 358, 9.5),
(1257, 358, 2.0),
(1258, 358, 0),
(1259, 358, 14.5),
(1260, 359, 5.45),
(1261, 360, 15.0),
(1262, 361, 19.99),
(1263, 361, 10.19),
(1264, 361, 16.99),
(1265, 361, 7.99),
(1266, 362, 0),
(1267, 362, 0),
(1268, 363, 8.5),
(1269, 364, 0),
(1270, 364, 14.95),
(1271, 364, 6.0),
(1272, 364, 0),
(1273, 364, 3.5),
(1274, 364, 4.25),
(1275, 364, 5.9),
(1276, 365, 9.0),
(1277, 366, 14.5),
(1278, 366, 12.75),
(1279, 366, 4.85),
(1280, 367, 7.75),
(1281, 367, 7.75),
(1282, 367, 5.5),
(1283, 367, 7.75),
(1284, 367, 7.75),
(1285, 367, 7.75),
(1286, 367, 3.75),
(1287, 367, 4.5),
(1288, 367, 6.25),
(1289, 367, 7.75),
(1290, 368, 7.99),
(1291, 368, 6.25),
(1292, 369, 15.05),
(1293, 369, 6.0),
(1294, 369, 9.95),
(1295, 369, 16.15),
(1296, 370, 15.0),
(1297, 371, 13.95),
(1298, 371, 8.5),
(1299, 371, 7.95),
(1300, 372, 8.95),
(1301, 373, 1.3),
(1302, 374, 19.95),
(1303, 374, 25.0),
(1304, 374, 9.65),
(1305, 374, 25.0),
(1306, 374, 24.0),
(1307, 374, 23.0),
(1308, 374, 3.25),
(1309, 374, 6.95),
(1310, 374, 6.5),
(1311, 374, 24.75),
(1312, 374, 6.5),
(1313, 374, 1.84),
(1314, 374, 5.0),
(1315, 374, 0),
(1316, 374, 1.94),
(1317, 374, 15.95),
(1318, 374, 10.5),
(1319, 375, 11.99),
(1320, 375, 8.99),
(1321, 376, 14.95),
(1322, 376, 1.75),
(1323, 376, 10.95),
(1324, 376, 1.95),
(1325, 376, 12.95),
(1326, 376, 11.95),
(1327, 376, 10.95),
(1328, 376, 10.95),
(1329, 376, 4.49),
(1330, 376, 5.49),
(1331, 377, 16.0),
(1332, 377, 15.0),
(1333, 378, 7.99),
(1334, 379, 0),
(1335, 379, 16.5),
(1336, 379, 13.99),
(1337, 379, 15.0),
(1338, 379, 15.99),
(1339, 379, 17.99),
(1340, 379, 0),
(1341, 379, 16.5),
(1342, 379, 0),
(1343, 379, 19.5),
(1344, 379, 14.5),
(1345, 379, 16.5),
(1346, 379, 16.99),
(1347, 379, 0),
(1348, 379, 16.99),
(1349, 379, 18.5),
(1350, 379, 15.99),
(1351, 379, 17.5),
(1352, 379, 13.99),
(1353, 379, 15.5),
(1354, 379, 17.99),
(1355, 379, 0),
(1356, 379, 15.99),
(1357, 379, 0),
(1358, 379, 0),
(1359, 379, 14.0),
(1360, 379, 19.99),
(1361, 379, 15.99),
(1362, 379, 16.5),
(1363, 379, 0),
(1364, 379, 15.99),
(1365, 379, 15.99),
(1366, 379, 0),
(1367, 379, 14.0),
(1368, 380, 4.25),
(1369, 381, 7.0),
(1370, 382, 11.0),
(1371, 383, 12.0),
(1372, 384, 6.0),
(1373, 384, 0),
(1374, 384, 0),
(1375, 384, 4.49),
(1376, 384, 5.49),
(1377, 385, 3.19),
(1378, 385, 5.29),
(1379, 385, 5.19),
(1380, 386, 0),
(1381, 386, 4.0),
(1382, 386, 0),
(1383, 387, 0),
(1384, 387, 10.99),
(1385, 387, 10.99),
(1386, 387, 0),
(1387, 388, 2.75),
(1388, 389, 13.29),
(1389, 389, 4.75),
(1390, 389, 17.3),
(1391, 389, 3.25),
(1392, 389, 12.55),
(1393, 389, 4.95),
(1394, 389, 4.75),
(1395, 389, 2.25),
(1396, 390, 0),
(1397, 390, 0),
(1398, 390, 0),
(1399, 391, 0),
(1400, 392, 7.05),
(1401, 392, 3.25),
(1402, 392, 7.75),
(1403, 393, 4.99),
(1404, 394, 20.0),
(1405, 394, 0),
(1406, 394, 1.5),
(1407, 394, 0),
(1408, 394, 8.0),
(1409, 395, 20.0),
(1410, 395, 13.75),
(1411, 395, 9.0),
(1412, 396, 10.0),
(1413, 396, 12.0),
(1414, 397, 8.99),
(1415, 398, 8.95),
(1416, 399, 1.69),
(1417, 399, 2.99),
(1418, 400, 14.95),
(1419, 400, 15.95),
(1420, 400, 16.95),
(1421, 400, 16.95),
(1422, 400, 14.95),
(1423, 400, 14.95),
(1424, 400, 15.95),
(1425, 400, 14.95),
(1426, 400, 14.95),
(1427, 400, 13.95),
(1428, 400, 15.95),
(1429, 400, 15.95),
(1430, 400, 12.95),
(1431, 400, 13.5),
(1432, 400, 13.95),
(1433, 400, 14.95),
(1434, 400, 15.5),
(1435, 401, 7.95),
(1436, 401, 8.95),
(1437, 401, 7.95),
(1438, 402, 0),
(1439, 402, 9.1),
(1440, 402, 9.99),
(1441, 402, 12.99),
(1442, 402, 2.05),
(1443, 403, 8.5),
(1444, 403, 8.5),
(1445, 403, 9.0),
(1446, 403, 7.0),
(1447, 403, 8.0),
(1448, 403, 8.5),
(1449, 404, 6.25),
(1450, 405, 5.5),
(1451, 405, 6.99),
(1452, 405, 11.25),
(1453, 406, 9.0),
(1454, 407, 12.99),
(1455, 407, 10.99),
(1456, 408, 8.95),
(1457, 409, 0),
(1458, 410, 15.0),
(1459, 411, 15.0),
(1460, 411, 15.0),
(1461, 411, 12.0),
(1462, 411, 13.0),
(1463, 411, 10.0),
(1464, 411, 12.0),
(1465, 411, 17.0),
(1466, 411, 15.0),
(1467, 412, 9.99),
(1468, 412, 9.99),
(1469, 412, 9.99),
(1470, 413, 9.99),
(1471, 413, 9.0),
(1472, 413, 9.0),
(1473, 413, 9.99),
(1474, 413, 9.99),
(1475, 413, 9.0),
(1476, 413, 9.5),
(1477, 413, 8.0),
(1478, 413, 9.0),
(1479, 413, 8.0),
(1480, 413, 9.99),
(1481, 413, 9.0),
(1482, 413, 7.99),
(1483, 413, 9.99),
(1484, 413, 9.5),
(1485, 413, 8.5),
(1486, 414, 0),
(1487, 414, 0),
(1488, 415, 8.5),
(1489, 416, 17.0),
(1490, 416, 19.0),
(1491, 417, 10.0),
(1492, 418, 0),
(1493, 418, 10.99),
(1494, 418, 8.49),
(1495, 418, 5.0),
(1496, 418, 10.29),
(1497, 418, 0),
(1498, 419, 4.9),
(1499, 419, 0),
(1500, 420, 0),
(1501, 421, 15.95),
(1502, 421, 0),
(1503, 421, 15.95),
(1504, 421, 15.95),
(1505, 421, 2.75),
(1506, 421, 15.95),
(1507, 422, 5.99),
(1508, 423, 0),
(1509, 423, 0),
(1510, 424, 7.0),
(1511, 424, 6.0),
(1512, 424, 7.0),
(1513, 424, 7.0),
(1514, 424, 6.0),
(1515, 424, 6.0),
(1516, 425, 0),
(1517, 425, 0),
(1518, 425, 0),
(1519, 425, 0),
(1520, 425, 0),
(1521, 425, 0),
(1522, 426, 8.95),
(1523, 427, 8.95),
(1524, 428, 12.95),
(1525, 428, 10.95),
(1526, 428, 12.95),
(1527, 428, 11.95),
(1528, 428, 12.95),
(1529, 428, 12.95),
(1530, 428, 12.95),
(1531, 429, 0),
(1532, 430, 10.0),
(1533, 431, 0),
(1534, 431, 7.0),
(1535, 432, 0),
(1536, 432, 10.94),
(1537, 432, 17.2),
(1538, 432, 10.5),
(1539, 432, 10.95),
(1540, 432, 11.95),
(1541, 432, 5.5),
(1542, 432, 13.5),
(1543, 432, 21.5),
(1544, 432, 19.5),
(1545, 432, 11.05),
(1546, 432, 13.8),
(1547, 433, 8.95),
(1548, 434, 8.49),
(1549, 434, 10.0),
(1550, 435, 8.0),
(1551, 435, 20.99),
(1552, 435, 12.0),
(1553, 435, 21.0),
(1554, 436, 15.95),
(1555, 436, 9.49),
(1556, 437, 12.95),
(1557, 438, 8.95),
(1558, 438, 5.75),
(1559, 438, 2.25),
(1560, 438, 5.6),
(1561, 439, 8.95),
(1562, 440, 13.99),
(1563, 440, 15.99),
(1564, 441, 11.45),
(1565, 441, 20.5),
(1566, 441, 17.75),
(1567, 441, 11.95),
(1568, 441, 11.45),
(1569, 441, 20.5),
(1570, 441, 17.75),
(1571, 441, 11.95),
(1572, 441, 11.45),
(1573, 441, 20.5),
(1574, 441, 17.75),
(1575, 441, 11.95),
(1576, 441, 11.45),
(1577, 441, 20.5),
(1578, 441, 17.75),
(1579, 441, 11.95),
(1580, 441, 11.45),
(1581, 441, 20.5),
(1582, 441, 17.75),
(1583, 441, 11.95),
(1584, 441, 11.45),
(1585, 441, 20.5),
(1586, 441, 17.75),
(1587, 441, 11.95),
(1588, 441, 10.25),
(1589, 441, 18.5),
(1590, 441, 16.0),
(1591, 441, 10.5),
(1592, 441, 19.95),
(1593, 441, 16.75),
(1594, 441, 10.95),
(1595, 441, 11.45),
(1596, 441, 20.5),
(1597, 441, 17.75),
(1598, 441, 11.95),
(1599, 441, 11.45),
(1600, 441, 20.5),
(1601, 441, 17.75),
(1602, 441, 11.95),
(1603, 441, 11.45),
(1604, 441, 20.5),
(1605, 441, 17.75),
(1606, 441, 11.95),
(1607, 441, 11.45),
(1608, 441, 20.5),
(1609, 441, 17.75),
(1610, 441, 11.95),
(1611, 441, 11.45),
(1612, 441, 20.5),
(1613, 441, 17.75),
(1614, 441, 11.95),
(1615, 441, 8.7),
(1616, 441, 15.0),
(1617, 441, 12.5),
(1618, 441, 9.0),
(1619, 442, 6.29),
(1620, 442, 5.79),
(1621, 443, 0),
(1622, 444, 7.5),
(1623, 444, 2.0),
(1624, 444, 14.99),
(1625, 444, 13.5),
(1626, 445, 1.5),
(1627, 445, 2.5),
(1628, 446, 0),
(1629, 446, 0),
(1630, 446, 0),
(1631, 446, 0),
(1632, 447, 11.99),
(1633, 447, 7.5),
(1634, 447, 7.99),
(1635, 447, 11.99),
(1636, 447, 11.99),
(1637, 447, 11.99),
(1638, 447, 7.99),
(1639, 448, 11.49),
(1640, 448, 2.99),
(1641, 448, 4.49),
(1642, 449, 11.99),
(1643, 450, 12.0),
(1644, 450, 7.0),
(1645, 450, 16.0),
(1646, 451, 5.95),
(1647, 452, 6.99),
(1648, 453, 22.49),
(1649, 453, 5.99),
(1650, 453, 4.99),
(1651, 453, 5.49),
(1652, 453, 12.99),
(1653, 454, 8.95),
(1654, 454, 6.49),
(1655, 454, 0),
(1656, 454, 4.89),
(1657, 454, 4.89),
(1658, 454, 4.89),
(1659, 454, 0),
(1660, 455, 6.29),
(1661, 456, 13.0),
(1662, 457, 9.0),
(1663, 458, 10.0),
(1664, 458, 10.0),
(1665, 459, 12.0),
(1666, 459, 12.0),
(1667, 459, 12.0),
(1668, 460, 4.95),
(1669, 460, 10.99),
(1670, 461, 6.0),
(1671, 461, 7.0),
(1672, 462, 11.0),
(1673, 462, 10.0),
(1674, 462, 11.0),
(1675, 463, 6.95),
(1676, 464, 1.15),
(1677, 465, 10.99),
(1678, 466, 11.99),
(1679, 466, 11.99),
(1680, 466, 13.99),
(1681, 466, 10.99),
(1682, 466, 11.99),
(1683, 467, 4.95),
(1684, 468, 7.95),
(1685, 468, 15.99),
(1686, 468, 12.99),
(1687, 468, 12.99),
(1688, 468, 5.99),
(1689, 468, 0.59),
(1690, 469, 12.95),
(1691, 469, 0),
(1692, 469, 13.95),
(1693, 469, 0),
(1694, 469, 13.95),
(1695, 469, 0),
(1696, 469, 12.95),
(1697, 469, 0),
(1698, 469, 12.95),
(1699, 469, 0),
(1700, 469, 20.99),
(1701, 469, 12.0),
(1702, 469, 21.0),
(1703, 470, 4.95),
(1704, 471, 6.99),
(1705, 471, 0),
(1706, 471, 0),
(1707, 471, 0),
(1708, 471, 0),
(1709, 471, 0),
(1710, 471, 0),
(1711, 472, 3.99),
(1712, 472, 3.99),
(1713, 472, 3.99),
(1714, 472, 16.45),
(1715, 473, 0),
(1716, 474, 5.0),
(1717, 474, 8.5),
(1718, 474, 11.99),
(1719, 474, 5.0),
(1720, 474, 11.99),
(1721, 474, 11.99),
(1722, 475, 15.99),
(1723, 475, 12.99),
(1724, 475, 12.99),
(1725, 475, 5.99),
(1726, 475, 0.59),
(1727, 476, 7.9),
(1728, 476, 2.99),
(1729, 477, 0),
(1730, 477, 11.25),
(1731, 478, 0),
(1732, 478, 0),
(1733, 478, 0),
(1734, 478, 0),
(1735, 478, 0),
(1736, 478, 0),
(1737, 478, 0),
(1738, 478, 0),
(1739, 478, 0),
(1740, 478, 0),
(1741, 479, 7.0),
(1742, 480, 0),
(1743, 481, 5.75),
(1744, 481, 3.0),
(1745, 481, 20.99),
(1746, 481, 12.0),
(1747, 481, 21.0),
(1748, 482, 8.99),
(1749, 482, 8.99),
(1750, 482, 8.99),
(1751, 482, 8.99),
(1752, 482, 8.99),
(1753, 482, 8.99),
(1754, 482, 15.99),
(1755, 482, 8.99),
(1756, 482, 11.99),
(1757, 482, 10.99),
(1758, 482, 8.99),
(1759, 482, 8.99),
(1760, 482, 8.99),
(1761, 482, 6.99),
(1762, 482, 8.99),
(1763, 482, 8.99),
(1764, 482, 8.99),
(1765, 482, 8.99),
(1766, 483, 6.75),
(1767, 483, 6.95),
(1768, 483, 6.25),
(1769, 483, 5.5),
(1770, 483, 6.5),
(1771, 483, 6.25),
(1772, 484, 11.0),
(1773, 484, 9.0),
(1774, 484, 16.0),
(1775, 484, 16.0),
(1776, 484, 16.0),
(1777, 484, 16.0),
(1778, 484, 16.0),
(1779, 485, 8.95),
(1780, 486, 4.55),
(1781, 486, 13.7),
(1782, 486, 2.95),
(1783, 486, 12.75),
(1784, 487, 6.99),
(1785, 487, 7.99),
(1786, 488, 10.99),
(1787, 489, 12.0),
(1788, 490, 0),
(1789, 491, 10.0),
(1790, 492, 11.99),
(1791, 493, 5.95),
(1792, 494, 9.95),
(1793, 495, 5.99),
(1794, 496, 12.99),
(1795, 496, 12.99),
(1796, 496, 11.99),
(1797, 496, 10.99),
(1798, 496, 11.99),
(1799, 497, 3.99),
(1800, 497, 20.99),
(1801, 497, 12.0),
(1802, 497, 21.0),
(1803, 498, 8.99),
(1804, 498, 10.5),
(1805, 498, 10.5),
(1806, 498, 10.99),
(1807, 498, 8.99),
(1808, 499, 9.29),
(1809, 499, 5.49),
(1810, 499, 0),
(1811, 500, 5.75),
(1812, 500, 3.99),
(1813, 500, 7.99),
(1814, 501, 11.25),
(1815, 501, 11.95),
(1816, 501, 11.95),
(1817, 502, 13.0),
(1818, 502, 23.75),
(1819, 502, 25.75),
(1820, 502, 17.5),
(1821, 502, 11.5),
(1822, 502, 14.5),
(1823, 503, 5.95),
(1824, 503, 9.25),
(1825, 504, 6.95),
(1826, 504, 7.75),
(1827, 504, 7.95),
(1828, 504, 6.95),
(1829, 505, 16.59),
(1830, 505, 14.99),
(1831, 505, 1.99),
(1832, 506, 10.0),
(1833, 507, 16.0),
(1834, 507, 16.0),
(1835, 507, 16.0),
(1836, 507, 16.0),
(1837, 507, 16.0),
(1838, 507, 16.0),
(1839, 507, 8.99),
(1840, 507, 16.0),
(1841, 507, 16.0),
(1842, 507, 16.0),
(1843, 507, 16.0),
(1844, 507, 16.0),
(1845, 507, 3.99),
(1846, 507, 16.0),
(1847, 507, 16.0),
(1848, 507, 16.0),
(1849, 507, 26.99),
(1850, 507, 16.0),
(1851, 507, 16.0),
(1852, 507, 16.0),
(1853, 507, 16.0),
(1854, 507, 16.99),
(1855, 507, 16.0),
(1856, 507, 16.0),
(1857, 507, 16.0),
(1858, 507, 16.0),
(1859, 507, 16.0),
(1860, 507, 3.99),
(1861, 507, 16.0),
(1862, 507, 16.0),
(1863, 507, 16.0),
(1864, 507, 16.0),
(1865, 507, 16.0),
(1866, 507, 16.0),
(1867, 507, 16.0),
(1868, 507, 16.0),
(1869, 508, 7.79),
(1870, 508, 0.0),
(1871, 509, 5.59),
(1872, 510, 3.75),
(1873, 511, 13.95),
(1874, 511, 7.95),
(1875, 511, 8.95),
(1876, 511, 14.95),
(1877, 511, 6.95),
(1878, 511, 13.95),
(1879, 511, 8.95),
(1880, 512, 0),
(1881, 513, 10.25),
(1882, 513, 15.5),
(1883, 513, 13.5),
(1884, 513, 14.75),
(1885, 513, 1.87),
(1886, 514, 7.95),
(1887, 515, 15.0),
(1888, 515, 15.0),
(1889, 515, 14.0),
(1890, 515, 15.0),
(1891, 515, 14.0),
(1892, 515, 13.0),
(1893, 515, 15.0),
(1894, 516, 3.25),
(1895, 516, 1.35),
(1896, 517, 11.4),
(1897, 517, 7.7),
(1898, 517, 7.7),
(1899, 517, 7.7),
(1900, 517, 7.7),
(1901, 517, 7.7),
(1902, 517, 7.7),
(1903, 517, 11.4),
(1904, 517, 5.7),
(1905, 517, 5.7),
(1906, 517, 7.7),
(1907, 517, 1.99),
(1908, 517, 3.5),
(1909, 517, 2.95),
(1910, 517, 3.95),
(1911, 517, 5.55),
(1912, 517, 7.7),
(1913, 517, 7.7),
(1914, 518, 17.99),
(1915, 518, 19.0),
(1916, 518, 15.0),
(1917, 518, 16.0),
(1918, 518, 6.25),
(1919, 518, 6.5),
(1920, 518, 5.75),
(1921, 518, 13.5),
(1922, 518, 21.99),
(1923, 518, 19.0),
(1924, 519, 0),
(1925, 520, 5.95),
(1926, 521, 18.0),
(1927, 521, 18.0),
(1928, 521, 18.0),
(1929, 521, 16.0),
(1930, 521, 18.0),
(1931, 522, 3.95),
(1932, 523, 17.2),
(1933, 523, 10.5),
(1934, 523, 10.95),
(1935, 523, 11.95),
(1936, 523, 5.5),
(1937, 523, 13.5),
(1938, 523, 21.5),
(1939, 523, 19.5),
(1940, 523, 11.05),
(1941, 523, 13.8),
(1942, 524, 11.95),
(1943, 524, 5.25),
(1944, 524, 15.95),
(1945, 524, 7.95),
(1946, 524, 9.75),
(1947, 524, 3.75),
(1948, 525, 0),
(1949, 525, 0),
(1950, 525, 0),
(1951, 525, 0),
(1952, 525, 0),
(1953, 525, 0),
(1954, 525, 0),
(1955, 525, 0),
(1956, 525, 0),
(1957, 525, 0),
(1958, 525, 0),
(1959, 525, 0),
(1960, 525, 0),
(1961, 525, 0),
(1962, 525, 0),
(1963, 526, 3.5),
(1964, 526, 4.5),
(1965, 526, 8.0),
(1966, 526, 7.75),
(1967, 526, 9.0),
(1968, 527, 23.95),
(1969, 527, 23.95),
(1970, 527, 20.5),
(1971, 527, 23.95),
(1972, 527, 23.95),
(1973, 527, 15.5),
(1974, 527, 8.99),
(1975, 527, 23.95),
(1976, 527, 9.99),
(1977, 527, 20.95),
(1978, 527, 23.95),
(1979, 527, 8.7),
(1980, 527, 23.95),
(1981, 527, 20.5),
(1982, 528, 10.0),
(1983, 529, 5.95),
(1984, 530, 7.1),
(1985, 531, 10.95),
(1986, 531, 2.25),
(1987, 531, 3.75),
(1988, 532, 0),
(1989, 532, 0),
(1990, 532, 0),
(1991, 532, 14.0),
(1992, 532, 10.0),
(1993, 532, 0),
(1994, 532, 0),
(1995, 532, 0),
(1996, 532, 0),
(1997, 532, 17.0),
(1998, 532, 0),
(1999, 532, 0),
(2000, 533, 11.4),
(2001, 533, 13.6),
(2002, 533, 11.85),
(2003, 534, 1.25),
(2004, 535, 7.99),
(2005, 535, 23.0),
(2006, 536, 10.5),
(2007, 536, 12.0),
(2008, 536, 0),
(2009, 536, 12.0),
(2010, 536, 13.5),
(2011, 536, 12.5),
(2012, 536, 8.5),
(2013, 536, 12.0),
(2014, 536, 12.5),
(2015, 536, 13.0),
(2016, 536, 11.5),
(2017, 536, 10.5),
(2018, 536, 12.5),
(2019, 536, 10.0),
(2020, 536, 10.5),
(2021, 536, 13.0),
(2022, 536, 13.5),
(2023, 536, 15.0),
(2024, 536, 15.0),
(2025, 536, 15.0),
(2026, 536, 13.0),
(2027, 536, 13.0),
(2028, 536, 10.0),
(2029, 536, 0),
(2030, 536, 10.0),
(2031, 536, 1.25),
(2032, 536, 10.25),
(2033, 537, 0),
(2034, 537, 0),
(2035, 537, 0),
(2036, 538, 12.5),
(2037, 538, 14.5),
(2038, 538, 14.0),
(2039, 538, 11.5),
(2040, 538, 14.0),
(2041, 538, 12.0),
(2042, 538, 12.5),
(2043, 539, 12.0),
(2044, 539, 12.95),
(2045, 539, 1.99),
(2046, 539, 11.59),
(2047, 539, 2.99),
(2048, 539, 1.99),
(2049, 539, 11.99),
(2050, 539, 11.99),
(2051, 539, 6.99),
(2052, 540, 7.49),
(2053, 540, 5.99),
(2054, 540, 7.49),
(2055, 540, 0),
(2056, 540, 0),
(2057, 541, 2.15),
(2058, 542, 7.95),
(2059, 542, 8.95),
(2060, 542, 11.95),
(2061, 542, 24.25),
(2062, 542, 6.5),
(2063, 543, 7.99),
(2064, 544, 7.95),
(2065, 545, 35.99),
(2066, 545, 23.99),
(2067, 545, 36.99),
(2068, 545, 27.99),
(2069, 545, 18.99),
(2070, 545, 17.99),
(2071, 545, 18.99),
(2072, 545, 24.99),
(2073, 546, 5.95),
(2074, 546, 7.99),
(2075, 546, 0.99),
(2076, 546, 11.99),
(2077, 546, 4.49),
(2078, 546, 5.49),
(2079, 547, 15.95),
(2080, 547, 15.95),
(2081, 547, 17.95),
(2082, 547, 17.95),
(2083, 548, 5.0),
(2084, 548, 5.0),
(2085, 548, 5.0),
(2086, 548, 5.0),
(2087, 548, 17.0),
(2088, 548, 5.0),
(2089, 549, 9.0),
(2090, 549, 5.0),
(2091, 549, 1.99),
(2092, 549, 11.59),
(2093, 549, 2.99),
(2094, 549, 1.99),
(2095, 549, 11.99),
(2096, 549, 11.99),
(2097, 550, 10.0),
(2098, 551, 0),
(2099, 551, 0),
(2100, 551, 0),
(2101, 551, 6.99),
(2102, 551, 0),
(2103, 551, 0),
(2104, 552, 16.88),
(2105, 552, 8.99),
(2106, 552, 8.99),
(2107, 552, 2.0),
(2108, 552, 24.0),
(2109, 552, 1.5),
(2110, 552, 12.0),
(2111, 552, 18.7),
(2112, 552, 4.0),
(2113, 552, 12.5),
(2114, 553, 5.5),
(2115, 554, 6.0),
(2116, 555, 12.0),
(2117, 555, 15.0),
(2118, 555, 14.0),
(2119, 556, 10.99),
(2120, 557, 12.95),
(2121, 557, 10.95),
(2122, 557, 12.95),
(2123, 557, 11.95),
(2124, 557, 0),
(2125, 557, 12.95),
(2126, 557, 12.95),
(2127, 557, 12.95),
(2128, 558, 6.95),
(2129, 558, 6.95),
(2130, 559, 15.75),
(2131, 559, 0),
(2132, 559, 16.0),
(2133, 559, 16.0),
(2134, 559, 16.0),
(2135, 560, 0),
(2136, 560, 0),
(2137, 560, 0),
(2138, 560, 0),
(2139, 560, 0),
(2140, 560, 0),
(2141, 560, 0),
(2142, 560, 0),
(2143, 560, 0),
(2144, 560, 0),
(2145, 561, 13.95),
(2146, 562, 6.99),
(2147, 563, 4.95),
(2148, 564, 5.0),
(2149, 564, 7.0),
(2150, 564, 0),
(2151, 565, 3.99),
(2152, 566, 0),
(2153, 566, 17.0),
(2154, 567, 7.5),
(2155, 568, 7.65),
(2156, 568, 9.1),
(2157, 568, 3.95),
(2158, 568, 7.65),
(2159, 569, 15.45),
(2160, 569, 14.45),
(2161, 569, 6.45),
(2162, 569, 14.45),
(2163, 569, 14.95),
(2164, 569, 14.45),
(2165, 569, 17.95),
(2166, 570, 18.0),
(2167, 570, 18.0),
(2168, 571, 17.99),
(2169, 571, 0),
(2170, 571, 14.99),
(2171, 572, 12.0),
(2172, 573, 0),
(2173, 573, 6.5),
(2174, 574, 9.0),
(2175, 574, 9.0),
(2176, 575, 6.49),
(2177, 575, 5.29),
(2178, 575, 7.29),
(2179, 575, 0),
(2180, 575, 0),
(2181, 576, 8.95),
(2182, 576, 8.95),
(2183, 576, 7.95),
(2184, 576, 7.95),
(2185, 577, 14.99),
(2186, 577, 11.99),
(2187, 577, 16.99),
(2188, 577, 0),
(2189, 577, 14.99),
(2190, 577, 14.99),
(2191, 577, 14.99),
(2192, 577, 17.99),
(2193, 577, 16.99),
(2194, 578, 7.0),
(2195, 579, 4.95),
(2196, 580, 18.0),
(2197, 580, 17.0),
(2198, 580, 26.0),
(2199, 580, 0),
(2200, 580, 18.0),
(2201, 581, 1.39),
(2202, 582, 8.0),
(2203, 582, 6.0),
(2204, 582, 5.0),
(2205, 582, 10.0),
(2206, 582, 11.0),
(2207, 582, 47.5),
(2208, 583, 11.95),
(2209, 583, 9.45),
(2210, 584, 0),
(2211, 585, 12.99),
(2212, 586, 10.99),
(2213, 587, 17.0),
(2214, 587, 17.0),
(2215, 587, 10.5),
(2216, 587, 17.0),
(2217, 587, 10.5),
(2218, 588, 18.95),
(2219, 589, 14.95),
(2220, 589, 15.95),
(2221, 589, 15.95),
(2222, 589, 14.95),
(2223, 589, 13.95),
(2224, 590, 14.95),
(2225, 590, 15.95),
(2226, 590, 14.95),
(2227, 590, 17.95),
(2228, 590, 13.95),
(2229, 590, 14.95),
(2230, 590, 15.95),
(2231, 590, 15.95),
(2232, 590, 13.95),
(2233, 590, 0),
(2234, 590, 6.95),
(2235, 590, 13.0),
(2236, 590, 13.95),
(2237, 590, 0),
(2238, 591, 6.5),
(2239, 592, 14.0),
(2240, 593, 27.55),
(2241, 593, 27.55),
(2242, 593, 27.55),
(2243, 593, 7.65),
(2244, 593, 27.55),
(2245, 593, 27.55),
(2246, 594, 15.25),
(2247, 595, 7.95),
(2248, 596, 13.99),
(2249, 596, 7.49),
(2250, 596, 4.99),
(2251, 596, 9.99),
(2252, 596, 7.49),
(2253, 597, 10.0),
(2254, 598, 0),
(2255, 599, 0),
(2256, 599, 25.0),
(2257, 599, 0),
(2258, 600, 5.0),
(2259, 600, 0),
(2260, 600, 7.0),
(2261, 600, 8.0),
(2262, 600, 2.0),
(2263, 600, 11.5),
(2264, 600, 10.5),
(2265, 600, 9.0),
(2266, 601, 8.49),
(2267, 601, 0),
(2268, 601, 17.49),
(2269, 601, 0),
(2270, 601, 8.49),
(2271, 601, 0),
(2272, 601, 11.49),
(2273, 601, 0),
(2274, 601, 11.99),
(2275, 601, 0),
(2276, 601, 7.99),
(2277, 601, 0),
(2278, 601, 10.99),
(2279, 601, 0),
(2280, 601, 8.49),
(2281, 601, 0),
(2282, 601, 11.49),
(2283, 601, 0),
(2284, 601, 5.99),
(2285, 601, 0),
(2286, 601, 7.99),
(2287, 601, 0),
(2288, 601, 11.99),
(2289, 601, 0),
(2290, 601, 7.99),
(2291, 601, 0),
(2292, 601, 10.99),
(2293, 601, 0),
(2294, 601, 7.99),
(2295, 601, 0),
(2296, 601, 11.99),
(2297, 601, 0),
(2298, 601, 10.99),
(2299, 601, 0),
(2300, 601, 7.99),
(2301, 601, 0),
(2302, 601, 11.99),
(2303, 601, 0),
(2304, 601, 7.99),
(2305, 601, 0),
(2306, 601, 11.99),
(2307, 601, 0),
(2308, 601, 6.99),
(2309, 601, 0),
(2310, 601, 12.99),
(2311, 601, 0),
(2312, 601, 11.49),
(2313, 601, 0),
(2314, 601, 8.49),
(2315, 601, 0),
(2316, 601, 11.49),
(2317, 601, 0),
(2318, 601, 21.49),
(2319, 601, 0),
(2320, 601, 11.99),
(2321, 601, 0),
(2322, 601, 8.49),
(2323, 601, 0),
(2324, 601, 11.49),
(2325, 601, 0),
(2326, 601, 21.49),
(2327, 601, 0),
(2328, 601, 11.49),
(2329, 601, 0),
(2330, 602, 5.95),
(2331, 603, 3.75),
(2332, 603, 7.95),
(2333, 604, 5.0),
(2334, 605, 18.0),
(2335, 605, 18.0),
(2336, 605, 19.0),
(2337, 605, 19.0),
(2338, 606, 8.29),
(2339, 606, 9.99),
(2340, 606, 5.99),
(2341, 607, 7.8),
(2342, 608, 12.0),
(2343, 609, 12.99),
(2344, 609, 19.99),
(2345, 609, 16.97),
(2346, 609, 19.99),
(2347, 609, 19.99),
(2348, 609, 7.99),
(2349, 609, 18.96),
(2350, 609, 21.99),
(2351, 609, 15.98),
(2352, 610, 12.0),
(2353, 610, 12.0),
(2354, 611, 2.75),
(2355, 611, 4.25),
(2356, 612, 9.95),
(2357, 612, 8.95),
(2358, 613, 18.25),
(2359, 613, 17.95),
(2360, 613, 19.95),
(2361, 613, 17.95),
(2362, 613, 10.0),
(2363, 613, 17.95),
(2364, 613, 22.95),
(2365, 613, 14.95),
(2366, 613, 19.95),
(2367, 613, 22.95),
(2368, 613, 18.95),
(2369, 613, 19.0),
(2370, 613, 16.95),
(2371, 614, 3.49),
(2372, 615, 11.95),
(2373, 615, 12.95),
(2374, 615, 9.95),
(2375, 615, 9.95),
(2376, 615, 11.95),
(2377, 615, 11.94),
(2378, 615, 9.95),
(2379, 615, 20.99),
(2380, 615, 12.0),
(2381, 615, 21.0),
(2382, 616, 16.89),
(2383, 616, 6.94),
(2384, 617, 10.5),
(2385, 617, 9.5),
(2386, 617, 11.5),
(2387, 618, 7.75),
(2388, 619, 7.5),
(2389, 620, 14.25),
(2390, 620, 9.85),
(2391, 621, 7.5),
(2392, 621, 0),
(2393, 622, 6.5),
(2394, 623, 0),
(2395, 623, 0),
(2396, 624, 14.5),
(2397, 624, 1.75),
(2398, 625, 7.0),
(2399, 625, 9.95),
(2400, 626, 17.4),
(2401, 626, 20.4),
(2402, 626, 14.2),
(2403, 626, 16.7),
(2404, 626, 20.4),
(2405, 626, 16.7),
(2406, 626, 16.7),
(2407, 626, 13.95),
(2408, 626, 18.55),
(2409, 626, 20.4),
(2410, 626, 15.99),
(2411, 626, 12.99),
(2412, 626, 12.99),
(2413, 626, 5.99),
(2414, 626, 0.59),
(2415, 627, 0),
(2416, 627, 8.0),
(2417, 627, 0),
(2418, 627, 0),
(2419, 627, 0),
(2420, 628, 14.0),
(2421, 629, 0),
(2422, 630, 11.59),
(2423, 631, 8.25),
(2424, 631, 3.5),
(2425, 632, 11.99),
(2426, 633, 11.0),
(2427, 633, 13.0),
(2428, 633, 11.0),
(2429, 633, 9.0),
(2430, 633, 13.0),
(2431, 633, 13.0),
(2432, 634, 6.99),
(2433, 635, 7.0),
(2434, 636, 4.99),
(2435, 636, 5.99),
(2436, 637, 11.0),
(2437, 637, 8.0),
(2438, 637, 10.9),
(2439, 637, 10.9),
(2440, 637, 10.5),
(2441, 637, 10.9),
(2442, 637, 10.95),
(2443, 638, 6.0),
(2444, 638, 0),
(2445, 639, 7.99),
(2446, 640, 0),
(2447, 640, 0),
(2448, 641, 7.95),
(2449, 641, 11.25),
(2450, 642, 4.0),
(2451, 642, 4.0),
(2452, 643, 10.95),
(2453, 644, 0),
(2454, 644, 0),
(2455, 644, 4.95),
(2456, 645, 12.0),
(2457, 645, 9.0),
(2458, 645, 8.0),
(2459, 645, 9.0),
(2460, 646, 0),
(2461, 646, 4.99),
(2462, 646, 0),
(2463, 646, 13.99),
(2464, 646, 0),
(2465, 646, 10.99),
(2466, 647, 9.99),
(2467, 647, 13.99),
(2468, 648, 0),
(2469, 648, 15.95),
(2470, 648, 0),
(2471, 648, 14.95),
(2472, 648, 0),
(2473, 648, 14.95),
(2474, 648, 0),
(2475, 648, 10.99),
(2476, 648, 0),
(2477, 648, 14.95),
(2478, 648, 0),
(2479, 648, 15.99),
(2480, 648, 0),
(2481, 648, 21.95),
(2482, 648, 0),
(2483, 648, 16.25),
(2484, 648, 0),
(2485, 648, 14.95),
(2486, 648, 0),
(2487, 648, 12.95),
(2488, 649, 3.5),
(2489, 650, 9.75),
(2490, 650, 11.75),
(2491, 651, 8.0),
(2492, 651, 0),
(2493, 652, 0),
(2494, 652, 12.25),
(2495, 653, 0),
(2496, 654, 10.0),
(2497, 654, 10.0),
(2498, 654, 10.0),
(2499, 654, 9.0),
(2500, 654, 9.0),
(2501, 654, 9.0),
(2502, 654, 10.0),
(2503, 654, 10.0),
(2504, 654, 7.2),
(2505, 654, 10.0),
(2506, 654, 5.95),
(2507, 654, 10.0),
(2508, 654, 9.0),
(2509, 654, 8.95),
(2510, 654, 7.95),
(2511, 654, 10.0),
(2512, 654, 9.0),
(2513, 655, 2.59),
(2514, 656, 10.95),
(2515, 657, 18.5),
(2516, 658, 17.0),
(2517, 658, 14.0),
(2518, 658, 10.0),
(2519, 658, 16.0),
(2520, 658, 0),
(2521, 658, 0),
(2522, 658, 14.0),
(2523, 658, 13.0),
(2524, 658, 0),
(2525, 658, 14.0),
(2526, 659, 8.75),
(2527, 659, 9.5),
(2528, 659, 9.5),
(2529, 659, 10.0),
(2530, 659, 8.0),
(2531, 660, 0),
(2532, 660, 7.99),
(2533, 660, 0),
(2534, 660, 0),
(2535, 660, 0),
(2536, 661, 6.0),
(2537, 661, 15.99),
(2538, 662, 7.95),
(2539, 663, 16.45),
(2540, 663, 7.95),
(2541, 664, 12.0),
(2542, 664, 12.0),
(2543, 664, 11.0),
(2544, 664, 11.0),
(2545, 665, 8.99),
(2546, 665, 8.49),
(2547, 666, 12.95),
(2548, 666, 12.95),
(2549, 666, 10.95),
(2550, 666, 11.95),
(2551, 667, 4.95),
(2552, 667, 9.95),
(2553, 667, 4.39),
(2554, 668, 6.0),
(2555, 669, 17.99),
(2556, 669, 14.49),
(2557, 669, 9.99),
(2558, 669, 17.49),
(2559, 669, 4.49),
(2560, 669, 6.49),
(2561, 669, 19.54),
(2562, 669, 16.99),
(2563, 670, 8.59),
(2564, 670, 8.79),
(2565, 670, 6.99),
(2566, 671, 4.5),
(2567, 672, 0),
(2568, 672, 9.95),
(2569, 672, 10.95),
(2570, 672, 10.95),
(2571, 672, 8.95),
(2572, 672, 9.95),
(2573, 672, 9.95),
(2574, 672, 10.95),
(2575, 672, 9.95),
(2576, 673, 12.0),
(2577, 674, 0),
(2578, 674, 0),
(2579, 675, 12.99),
(2580, 675, 5.99),
(2581, 675, 5.99),
(2582, 676, 6.0),
(2583, 676, 12.0),
(2584, 676, 7.0),
(2585, 676, 13.0),
(2586, 676, 4.0),
(2587, 676, 11.0),
(2588, 677, 23.0),
(2589, 678, 17.0),
(2590, 678, 4.5),
(2591, 678, 4.0),
(2592, 678, 14.0),
(2593, 678, 10.75),
(2594, 678, 3.5),
(2595, 678, 20.0),
(2596, 678, 17.0),
(2597, 678, 10.75),
(2598, 679, 16.75),
(2599, 679, 15.75),
(2600, 679, 18.5),
(2601, 679, 16.5),
(2602, 679, 19.0),
(2603, 679, 13.0),
(2604, 679, 11.75),
(2605, 679, 14.5),
(2606, 679, 6.95),
(2607, 679, 6.0),
(2608, 679, 15.75),
(2609, 679, 14.75),
(2610, 679, 18.0),
(2611, 679, 16.0),
(2612, 679, 19.0),
(2613, 680, 13.0),
(2614, 681, 0),
(2615, 681, 8.99),
(2616, 681, 8.99),
(2617, 682, 12.95),
(2618, 683, 10.0),
(2619, 684, 15.45),
(2620, 684, 0),
(2621, 684, 0),
(2622, 684, 0),
(2623, 684, 0),
(2624, 684, 0),
(2625, 684, 0),
(2626, 685, 0),
(2627, 685, 0),
(2628, 685, 20.99),
(2629, 685, 12.0),
(2630, 685, 21.0),
(2631, 686, 9.95),
(2632, 686, 10.95),
(2633, 686, 4.99),
(2634, 686, 10.95),
(2635, 686, 10.95),
(2636, 687, 10.0),
(2637, 688, 0),
(2638, 689, 1.75),
(2639, 690, 6.75),
(2640, 690, 5.25),
(2641, 691, 7.99),
(2642, 691, 20.99),
(2643, 691, 12.0),
(2644, 691, 21.0),
(2645, 692, 0),
(2646, 692, 0),
(2647, 693, 0),
(2648, 693, 0),
(2649, 694, 10.0),
(2650, 695, 9.75),
(2651, 695, 9.75),
(2652, 696, 21.95),
(2653, 696, 21.95),
(2654, 696, 8.49),
(2655, 696, 17.49),
(2656, 696, 8.49),
(2657, 696, 11.49),
(2658, 696, 11.99),
(2659, 696, 7.99),
(2660, 696, 10.99),
(2661, 696, 8.49),
(2662, 696, 11.49),
(2663, 696, 5.99),
(2664, 696, 7.99),
(2665, 696, 11.99),
(2666, 696, 7.99),
(2667, 696, 10.99),
(2668, 696, 7.99),
(2669, 696, 11.99),
(2670, 696, 10.99),
(2671, 696, 7.99),
(2672, 696, 11.99),
(2673, 696, 7.99),
(2674, 696, 11.99),
(2675, 696, 6.99),
(2676, 696, 12.99),
(2677, 696, 11.49),
(2678, 696, 8.49),
(2679, 696, 11.49),
(2680, 696, 21.49),
(2681, 696, 11.99),
(2682, 696, 8.49),
(2683, 696, 11.49),
(2684, 696, 21.49),
(2685, 696, 11.49),
(2686, 697, 0),
(2687, 697, 19.0),
(2688, 697, 0),
(2689, 698, 0),
(2690, 698, 11.95),
(2691, 698, 0),
(2692, 698, 0),
(2693, 698, 12.95),
(2694, 699, 13.95),
(2695, 700, 8.0),
(2696, 700, 21.0),
(2697, 700, 8.0),
(2698, 700, 8.0),
(2699, 700, 15.0),
(2700, 700, 14.0),
(2701, 700, 16.0),
(2702, 700, 0),
(2703, 701, 12.95),
(2704, 701, 12.95),
(2705, 702, 9.25),
(2706, 702, 0),
(2707, 702, 9.25),
(2708, 703, 15.95),
(2709, 704, 0),
(2710, 704, 3.45),
(2711, 704, 5.45),
(2712, 704, 4.25),
(2713, 704, 4.95),
(2714, 704, 3.75),
(2715, 705, 13.95),
(2716, 705, 10.45),
(2717, 705, 10.95),
(2718, 705, 10.45),
(2719, 706, 10.49),
(2720, 707, 4.95),
(2721, 707, 15.95),
(2722, 707, 14.95),
(2723, 708, 10.95),
(2724, 708, 2.99),
(2725, 708, 13.99),
(2726, 709, 10.0),
(2727, 709, 10.0),
(2728, 709, 0),
(2729, 709, 7.99),
(2730, 709, 5.5),
(2731, 709, 0),
(2732, 709, 0),
(2733, 709, 0),
(2734, 710, 12.0),
(2735, 711, 8.95),
(2736, 712, 14.5),
(2737, 712, 22.95),
(2738, 712, 5.25),
(2739, 713, 8.99),
(2740, 713, 0.75),
(2741, 713, 11.49),
(2742, 713, 7.49),
(2743, 713, 13.49),
(2744, 714, 0),
(2745, 714, 14.95),
(2746, 715, 2.0),
(2747, 715, 8.79),
(2748, 716, 15.99),
(2749, 716, 18.99),
(2750, 716, 17.99),
(2751, 716, 16.99),
(2752, 716, 2.75),
(2753, 716, 18.99),
(2754, 716, 24.99),
(2755, 716, 19.99),
(2756, 716, 19.99),
(2757, 717, 12.84),
(2758, 717, 11.99),
(2759, 717, 0),
(2760, 717, 12.84),
(2761, 718, 10.0),
(2762, 718, 10.0),
(2763, 719, 5.99),
(2764, 719, 4.25),
(2765, 719, 4.99),
(2766, 720, 0),
(2767, 720, 0),
(2768, 721, 8.99),
(2769, 722, 13.5),
(2770, 723, 14.0),
(2771, 724, 7.0),
(2772, 725, 4.5),
(2773, 726, 8.0),
(2774, 727, 0.25),
(2775, 727, 3.5),
(2776, 728, 4.0),
(2777, 729, 0),
(2778, 729, 0),
(2779, 729, 0),
(2780, 729, 0),
(2781, 729, 0),
(2782, 729, 0),
(2783, 730, 10.0),
(2784, 730, 9.0),
(2785, 731, 7.99),
(2786, 731, 0),
(2787, 731, 13.99),
(2788, 731, 0),
(2789, 732, 17.99),
(2790, 732, 14.49),
(2791, 732, 9.99),
(2792, 732, 17.49),
(2793, 732, 4.49),
(2794, 732, 6.49),
(2795, 732, 19.54),
(2796, 732, 16.99),
(2797, 733, 8.99),
(2798, 734, 11.95),
(2799, 734, 8.95),
(2800, 734, 2.0),
(2801, 734, 3.95),
(2802, 734, 3.6),
(2803, 734, 3.65),
(2804, 734, 5.75),
(2805, 734, 8.5),
(2806, 735, 0),
(2807, 735, 6.0),
(2808, 735, 18.0),
(2809, 735, 15.5),
(2810, 735, 17.0),
(2811, 735, 8.0),
(2812, 735, 16.0),
(2813, 735, 16.0),
(2814, 735, 7.0),
(2815, 735, 17.0),
(2816, 735, 7.0),
(2817, 735, 16.0),
(2818, 735, 16.0),
(2819, 736, 0),
(2820, 737, 8.95),
(2821, 738, 14.0),
(2822, 738, 14.0),
(2823, 738, 9.0),
(2824, 739, 24.6),
(2825, 739, 3.75),
(2826, 739, 16.0),
(2827, 739, 18.0),
(2828, 740, 9.95),
(2829, 740, 0),
(2830, 741, 19.0),
(2831, 741, 19.0),
(2832, 741, 19.0),
(2833, 741, 16.0),
(2834, 742, 6.99),
(2835, 742, 2.8),
(2836, 742, 2.69),
(2837, 742, 6.99),
(2838, 743, 4.95),
(2839, 743, 6.95),
(2840, 743, 9.95),
(2841, 743, 8.95),
(2842, 744, 6.0),
(2843, 745, 12.95),
(2844, 746, 4.59),
(2845, 746, 2.79),
(2846, 747, 8.99),
(2847, 748, 0),
(2848, 748, 13.99),
(2849, 748, 0),
(2850, 748, 4.99),
(2851, 748, 0),
(2852, 748, 12.99),
(2853, 748, 0),
(2854, 748, 0),
(2855, 748, 0),
(2856, 748, 7.99),
(2857, 748, 0),
(2858, 748, 8.0),
(2859, 748, 0),
(2860, 748, 2.79),
(2861, 748, 0),
(2862, 748, 6.79),
(2863, 748, 0),
(2864, 748, 18.95),
(2865, 749, 12.0),
(2866, 749, 11.0),
(2867, 750, 15.0),
(2868, 750, 14.0),
(2869, 751, 4.19),
(2870, 752, 5.99),
(2871, 753, 11.59),
(2872, 753, 2.99),
(2873, 753, 1.99),
(2874, 753, 15.99),
(2875, 754, 18.0),
(2876, 754, 22.0),
(2877, 755, 5.5),
(2878, 755, 27.55),
(2879, 755, 27.55),
(2880, 755, 27.55),
(2881, 755, 7.65),
(2882, 755, 27.55),
(2883, 755, 27.55),
(2884, 756, 0),
(2885, 757, 0),
(2886, 757, 0),
(2887, 757, 0),
(2888, 757, 0),
(2889, 757, 0),
(2890, 757, 0),
(2891, 757, 0),
(2892, 757, 0),
(2893, 757, 0),
(2894, 758, 10.0),
(2895, 759, 4.25),
(2896, 760, 14.95),
(2897, 760, 2.0),
(2898, 761, 13.5),
(2899, 761, 12.0),
(2900, 761, 5.0),
(2901, 762, 5.99),
(2902, 762, 12.99),
(2903, 762, 12.99),
(2904, 762, 12.99),
(2905, 762, 11.99),
(2906, 762, 15.99),
(2907, 762, 13.99),
(2908, 762, 11.99),
(2909, 762, 6.99),
(2910, 762, 12.99),
(2911, 762, 12.99),
(2912, 763, 12.95),
(2913, 764, 5.0),
(2914, 764, 12.95),
(2915, 764, 12.95),
(2916, 764, 12.95),
(2917, 764, 12.95),
(2918, 764, 12.95),
(2919, 765, 12.5),
(2920, 765, 2.5),
(2921, 765, 12.75),
(2922, 765, 1.99),
(2923, 765, 12.5),
(2924, 766, 6.0),
(2925, 767, 9.0),
(2926, 768, 8.0),
(2927, 768, 9.0),
(2928, 769, 10.49),
(2929, 769, 15.99),
(2930, 769, 15.99),
(2931, 769, 4.25),
(2932, 769, 7.5),
(2933, 769, 18.99),
(2934, 769, 15.99),
(2935, 770, 0),
(2936, 771, 8.95),
(2937, 771, 5.95),
(2938, 772, 13.0),
(2939, 772, 12.0),
(2940, 772, 12.0),
(2941, 772, 12.0),
(2942, 773, 6.29),
(2943, 774, 4.75),
(2944, 774, 0),
(2945, 774, 0),
(2946, 774, 0),
(2947, 774, 0),
(2948, 774, 0),
(2949, 774, 3.99),
(2950, 774, 0),
(2951, 775, 8.25),
(2952, 775, 1.99),
(2953, 775, 11.59),
(2954, 775, 2.99),
(2955, 775, 1.99),
(2956, 775, 11.99),
(2957, 775, 11.99),
(2958, 776, 13.6),
(2959, 777, 4.93),
(2960, 777, 4.44),
(2961, 777, 0),
(2962, 777, 27.55),
(2963, 777, 27.55),
(2964, 777, 27.55),
(2965, 777, 7.65),
(2966, 777, 27.55),
(2967, 777, 27.55),
(2968, 778, 7.95),
(2969, 778, 8.95),
(2970, 778, 8.95),
(2971, 778, 6.95),
(2972, 778, 9.95),
(2973, 778, 10.95),
(2974, 778, 10.95),
(2975, 779, 7.5),
(2976, 780, 8.96),
(2977, 781, 4.69),
(2978, 781, 4.79),
(2979, 782, 11.5),
(2980, 782, 12.5),
(2981, 783, 22.0),
(2982, 783, 18.0),
(2983, 783, 14.5),
(2984, 783, 24.0),
(2985, 783, 9.0),
(2986, 783, 12.5),
(2987, 783, 9.0),
(2988, 783, 22.0),
(2989, 783, 18.0),
(2990, 783, 14.5),
(2991, 783, 24.0),
(2992, 783, 9.0),
(2993, 783, 12.5),
(2994, 784, 39.99),
(2995, 784, 0),
(2996, 784, 7.69),
(2997, 784, 50.99),
(2998, 784, 4.99),
(2999, 784, 6.99),
(3000, 784, 4.49),
(3001, 784, 6.99),
(3002, 785, 19.95),
(3003, 785, 12.48),
(3004, 785, 12.99),
(3005, 785, 7.99),
(3006, 785, 11.96),
(3007, 785, 9.95),
(3008, 785, 4.99),
(3009, 785, 4.99),
(3010, 785, 9.49),
(3011, 785, 5.47),
(3012, 786, 6.95),
(3013, 787, 0),
(3014, 787, 12.0),
(3015, 787, 9.5),
(3016, 787, 11.5),
(3017, 787, 12.5),
(3018, 787, 7.49),
(3019, 787, 0),
(3020, 787, 10.99),
(3021, 787, 8.49),
(3022, 787, 5.0),
(3023, 787, 10.29),
(3024, 788, 15.0),
(3025, 789, 11.25),
(3026, 789, 2.95),
(3027, 789, 8.5),
(3028, 790, 8.99),
(3029, 790, 0),
(3030, 790, 10.99),
(3031, 791, 11.0),
(3032, 791, 44.0),
(3033, 792, 3.99),
(3034, 792, 3.99),
(3035, 792, 7.99),
(3036, 793, 13.99),
(3037, 793, 1.5),
(3038, 793, 6.99),
(3039, 793, 1.0),
(3040, 794, 19.0),
(3041, 794, 19.0),
(3042, 795, 9.0),
(3043, 795, 4.0),
(3044, 795, 9.0),
(3045, 796, 21.0),
(3046, 796, 23.0),
(3047, 797, 13.0),
(3048, 798, 7.99),
(3049, 798, 12.99),
(3050, 799, 19.95),
(3051, 800, 5.45),
(3052, 801, 8.99),
(3053, 801, 9.99),
(3054, 801, 0),
(3055, 802, 6.25),
(3056, 803, 9.5),
(3057, 803, 23.5),
(3058, 804, 4.39),
(3059, 805, 12.99),
(3060, 806, 3.79),
(3061, 807, 4.95),
(3062, 807, 14.95),
(3063, 807, 14.95),
(3064, 807, 15.95),
(3065, 807, 15.95),
(3066, 808, 9.0),
(3067, 808, 0),
(3068, 809, 14.0),
(3069, 809, 14.0),
(3070, 809, 14.0),
(3071, 810, 6.32),
(3072, 811, 10.5),
(3073, 811, 5.5),
(3074, 811, 5.5),
(3075, 812, 8.99),
(3076, 812, 12.49),
(3077, 812, 8.75),
(3078, 812, 7.75),
(3079, 812, 16.49),
(3080, 813, 5.0),
(3081, 813, 6.0),
(3082, 813, 6.0),
(3083, 814, 0),
(3084, 814, 0),
(3085, 814, 0),
(3086, 814, 0),
(3087, 814, 0),
(3088, 814, 0),
(3089, 814, 0),
(3090, 814, 0),
(3091, 814, 0),
(3092, 814, 0),
(3093, 814, 0),
(3094, 814, 0),
(3095, 814, 0),
(3096, 814, 0),
(3097, 814, 0),
(3098, 814, 0),
(3099, 814, 0),
(3100, 815, 16.0),
(3101, 815, 17.0),
(3102, 815, 15.0),
(3103, 815, 17.0),
(3104, 815, 15.0),
(3105, 816, 0),
(3106, 816, 1.99),
(3107, 816, 0),
(3108, 816, 11.59),
(3109, 816, 0),
(3110, 816, 2.99),
(3111, 816, 0),
(3112, 816, 1.99),
(3113, 816, 0),
(3114, 816, 11.99),
(3115, 816, 0),
(3116, 816, 11.99),
(3117, 816, 0),
(3118, 817, 9.0),
(3119, 817, 9.0),
(3120, 818, 5.25),
(3121, 819, 16.95),
(3122, 819, 14.95),
(3123, 819, 15.95),
(3124, 819, 13.95),
(3125, 819, 12.95),
(3126, 819, 15.95),
(3127, 819, 16.95),
(3128, 819, 17.95),
(3129, 819, 15.95),
(3130, 819, 15.95),
(3131, 819, 15.95),
(3132, 820, 4.5),
(3133, 821, 12.99),
(3134, 821, 0),
(3135, 822, 11.99),
(3136, 822, 4.99),
(3137, 822, 11.99),
(3138, 822, 10.99),
(3139, 822, 11.99),
(3140, 822, 9.99),
(3141, 823, 18.0),
(3142, 824, 8.0),
(3143, 825, 12.49),
(3144, 825, 11.99),
(3145, 826, 5.95),
(3146, 827, 19.95),
(3147, 827, 18.95),
(3148, 827, 16.95),
(3149, 827, 16.95),
(3150, 827, 15.95),
(3151, 828, 0),
(3152, 828, 0),
(3153, 828, 0),
(3154, 828, 0),
(3155, 828, 0),
(3156, 829, 13.95),
(3157, 829, 7.95),
(3158, 829, 14.95),
(3159, 829, 7.95),
(3160, 829, 14.95),
(3161, 829, 0),
(3162, 829, 14.95),
(3163, 829, 16.95),
(3164, 829, 12.95),
(3165, 830, 26.0),
(3166, 830, 14.0),
(3167, 831, 12.0),
(3168, 831, 11.0),
(3169, 831, 8.0),
(3170, 831, 13.0),
(3171, 831, 11.0),
(3172, 831, 13.0),
(3173, 831, 14.0),
(3174, 831, 14.0),
(3175, 831, 8.0),
(3176, 831, 15.0),
(3177, 831, 15.0),
(3178, 831, 14.0),
(3179, 832, 18.99),
(3180, 832, 11.5),
(3181, 832, 14.99),
(3182, 832, 18.99),
(3183, 832, 5.49),
(3184, 832, 2.5),
(3185, 832, 18.99),
(3186, 832, 3.5),
(3187, 832, 17.99),
(3188, 832, 18.99),
(3189, 833, 6.95),
(3190, 834, 16.0),
(3191, 834, 6.0),
(3192, 835, 11.99),
(3193, 835, 8.99),
(3194, 835, 5.99),
(3195, 835, 1.0),
(3196, 835, 11.99),
(3197, 836, 6.99),
(3198, 836, 7.49),
(3199, 836, 6.99),
(3200, 837, 3.25),
(3201, 838, 2.49),
(3202, 839, 12.0),
(3203, 840, 8.99),
(3204, 841, 0),
(3205, 842, 10.0),
(3206, 843, 5.0),
(3207, 843, 8.95),
(3208, 843, 14.5),
(3209, 843, 16.5),
(3210, 843, 15.5),
(3211, 843, 15.0),
(3212, 844, 0),
(3213, 844, 0),
(3214, 844, 0),
(3215, 844, 9.95),
(3216, 845, 5.45),
(3217, 846, 6.5),
(3218, 847, 0),
(3219, 848, 19.0),
(3220, 848, 19.0),
(3221, 848, 22.0),
(3222, 849, 7.99),
(3223, 850, 0),
(3224, 851, 9.9),
(3225, 851, 9.9),
(3226, 851, 9.9),
(3227, 852, 0),
(3228, 852, 0),
(3229, 853, 12.95),
(3230, 853, 11.5),
(3231, 853, 11.5),
(3232, 853, 12.0),
(3233, 853, 13.95),
(3234, 853, 0),
(3235, 853, 12.5),
(3236, 853, 13.95),
(3237, 853, 14.95),
(3238, 853, 16.95),
(3239, 853, 13.0),
(3240, 854, 5.5),
(3241, 855, 12.99),
(3242, 855, 11.49),
(3243, 855, 12.29),
(3244, 855, 10.99),
(3245, 855, 12.99),
(3246, 856, 8.99),
(3247, 856, 8.49),
(3248, 857, 11.0),
(3249, 858, 14.95),
(3250, 858, 2.25),
(3251, 858, 16.95),
(3252, 858, 2.35),
(3253, 858, 18.85),
(3254, 859, 6.99),
(3255, 859, 16.99),
(3256, 859, 4.49),
(3257, 859, 5.49),
(3258, 860, 17.0),
(3259, 861, 10.5),
(3260, 861, 9.95),
(3261, 861, 10.5),
(3262, 861, 2.25),
(3263, 861, 9.95),
(3264, 861, 2.75),
(3265, 861, 9.95),
(3266, 861, 10.5),
(3267, 861, 10.5),
(3268, 861, 9.95),
(3269, 861, 9.95),
(3270, 861, 10.5),
(3271, 861, 19.95),
(3272, 861, 10.5),
(3273, 861, 9.95),
(3274, 862, 8.95),
(3275, 863, 2.65),
(3276, 864, 3.5),
(3277, 864, 6.25),
(3278, 865, 3.29),
(3279, 866, 5.15),
(3280, 867, 14.0),
(3281, 867, 0),
(3282, 867, 10.99),
(3283, 867, 8.49),
(3284, 867, 5.0),
(3285, 867, 10.29),
(3286, 867, 0),
(3287, 867, 0),
(3288, 868, 0),
(3289, 868, 6.95),
(3290, 869, 13.0),
(3291, 869, 11.99),
(3292, 869, 5.99),
(3293, 869, 0),
(3294, 870, 11.0),
(3295, 871, 12.95),
(3296, 871, 16.95),
(3297, 872, 11.99),
(3298, 872, 10.99),
(3299, 872, 10.99),
(3300, 872, 12.99),
(3301, 872, 9.99),
(3302, 873, 9.0),
(3303, 874, 12.0),
(3304, 875, 14.0),
(3305, 875, 1.99),
(3306, 875, 11.59),
(3307, 875, 2.99),
(3308, 875, 1.99),
(3309, 875, 11.99),
(3310, 875, 11.99),
(3311, 876, 0),
(3312, 876, 0),
(3313, 876, 0),
(3314, 876, 0),
(3315, 876, 0),
(3316, 876, 0),
(3317, 876, 0),
(3318, 876, 0),
(3319, 876, 0),
(3320, 876, 0),
(3321, 876, 0),
(3322, 876, 0),
(3323, 877, 20.0),
(3324, 877, 20.0),
(3325, 878, 3.0),
(3326, 879, 5.0),
(3327, 880, 4.75),
(3328, 880, 4.75),
(3329, 880, 4.75),
(3330, 880, 3.5),
(3331, 880, 3.25),
(3332, 880, 12.95),
(3333, 881, 1.5),
(3334, 881, 19.99),
(3335, 881, 14.99),
(3336, 882, 7.0),
(3337, 883, 8.49),
(3338, 883, 8.49),
(3339, 883, 5.49),
(3340, 883, 8.49),
(3341, 883, 6.99),
(3342, 883, 8.49),
(3343, 883, 7.49),
(3344, 883, 7.49),
(3345, 883, 8.99),
(3346, 884, 10.0),
(3347, 884, 0),
(3348, 885, 5.99),
(3349, 885, 5.99),
(3350, 885, 0),
(3351, 885, 5.99),
(3352, 885, 6.99),
(3353, 885, 0),
(3354, 886, 14.0),
(3355, 886, 16.5),
(3356, 886, 11.5),
(3357, 886, 9.0),
(3358, 886, 15.5),
(3359, 886, 13.0),
(3360, 886, 10.25),
(3361, 886, 3.0),
(3362, 886, 4.95),
(3363, 886, 12.5),
(3364, 886, 12.5),
(3365, 886, 1.75),
(3366, 887, 18.0),
(3367, 887, 0),
(3368, 887, 18.0),
(3369, 887, 22.0),
(3370, 887, 16.0),
(3371, 888, 10.0),
(3372, 889, 12.0),
(3373, 889, 13.0),
(3374, 889, 9.0),
(3375, 889, 13.0),
(3376, 890, 5.0),
(3377, 890, 17.5),
(3378, 890, 2.25),
(3379, 890, 4.0),
(3380, 890, 5.0),
(3381, 890, 18.5),
(3382, 891, 0),
(3383, 891, 9.25),
(3384, 891, 10.95),
(3385, 892, 6.5),
(3386, 893, 8.95),
(3387, 894, 9.25),
(3388, 894, 0),
(3389, 895, 0),
(3390, 895, 0),
(3391, 895, 6.99),
(3392, 896, 14.99),
(3393, 896, 4.99),
(3394, 896, 0),
(3395, 896, 2.75),
(3396, 896, 4.59),
(3397, 896, 6.49),
(3398, 896, 5.49),
(3399, 896, 6.49),
(3400, 897, 11.0),
(3401, 897, 10.95),
(3402, 897, 10.0),
(3403, 897, 9.0),
(3404, 898, 12.0),
(3405, 898, 12.0),
(3406, 898, 15.0),
(3407, 899, 5.25),
(3408, 900, 3.5),
(3409, 900, 3.5),
(3410, 900, 4.75),
(3411, 901, 7.5),
(3412, 902, 12.0),
(3413, 903, 0),
(3414, 903, 0),
(3415, 903, 0),
(3416, 903, 0),
(3417, 903, 0),
(3418, 903, 0),
(3419, 903, 0),
(3420, 903, 0),
(3421, 903, 0),
(3422, 903, 0),
(3423, 904, 1.15),
(3424, 905, 14.5),
(3425, 906, 14.0),
(3426, 907, 12.99),
(3427, 907, 11.49),
(3428, 907, 12.29),
(3429, 907, 11.99),
(3430, 907, 10.99),
(3431, 907, 12.99),
(3432, 908, 16.0),
(3433, 909, 10.99),
(3434, 910, 6.0),
(3435, 910, 12.0),
(3436, 910, 12.0),
(3437, 910, 10.0),
(3438, 910, 9.0),
(3439, 911, 5.99),
(3440, 911, 18.99),
(3441, 911, 7.99),
(3442, 911, 8.99),
(3443, 911, 2.79),
(3444, 911, 16.99),
(3445, 912, 15.5),
(3446, 912, 9.5),
(3447, 912, 11.0),
(3448, 912, 19.25),
(3449, 912, 9.95),
(3450, 912, 9.95),
(3451, 912, 8.5),
(3452, 912, 7.75),
(3453, 912, 10.75),
(3454, 913, 5.0),
(3455, 913, 14.0),
(3456, 914, 5.99),
(3457, 914, 5.99),
(3458, 915, 15.99),
(3459, 915, 0),
(3460, 915, 15.99),
(3461, 915, 4.95),
(3462, 915, 15.99),
(3463, 915, 15.99),
(3464, 915, 5.0),
(3465, 915, 0),
(3466, 915, 15.99),
(3467, 915, 0),
(3468, 915, 15.99),
(3469, 915, 0),
(3470, 916, 3.99),
(3471, 916, 6.99),
(3472, 917, 4.0),
(3473, 918, 0),
(3474, 918, 3.95),
(3475, 918, 4.95),
(3476, 919, 69.95),
(3477, 920, 7.0),
(3478, 920, 5.0),
(3479, 921, 14.0),
(3480, 921, 16.0),
(3481, 922, 0),
(3482, 922, 0),
(3483, 922, 11.45),
(3484, 922, 0),
(3485, 922, 7.0),
(3486, 923, 14.99),
(3487, 924, 0),
(3488, 924, 0),
(3489, 925, 0),
(3490, 925, 0),
(3491, 925, 0),
(3492, 925, 0),
(3493, 926, 5.0),
(3494, 927, 9.5),
(3495, 928, 6.99),
(3496, 928, 0),
(3497, 928, 6.99),
(3498, 928, 5.99),
(3499, 929, 8.0),
(3500, 930, 0),
(3501, 931, 10.99),
(3502, 931, 0),
(3503, 931, 10.99),
(3504, 931, 9.99),
(3505, 931, 12.99),
(3506, 931, 11.99),
(3507, 931, 9.99),
(3508, 932, 5.0),
(3509, 932, 20.0),
(3510, 933, 0);
